24576
24577
24580
24581
24583
24584
24585
24586
24587
24588
24591
24594
24595
24596
24597
24598
24599
24600
24602
24604
24605
24606
24607
24609
24610
24611
24612
24613
24614
24615
24616
24617
24619
24620
24623
24627
24629
24630
24631
24633
24634
24635
24638
24639
24641
24648
24649
24654
24657
24658
24666
24667
24670
24671
24674
24675
24676
24678
24679
24680
24683
24684
24686
24687
24690
24691
24693
24694
24695
24696
24697
24698
24699
24700
24701
24702
24703
24795
24843
24899
24903
24907
24919
24923
24939
24946
24947
24951
24954
24955
24959
24975
25094
25095
25098
25099
25103
25110
25114
25115
25116
25119
25123
25126
25127
25128
25130
25131
25132
25134
25135
25136
25138
25139
25142
25143
25146
25147
25151
25154
25155
25158
25159
25162
25163
25166
25167
25170
25171
25174
25175
25178
25179
25182
25183
25186
25187
25190
25191
25194
25195
25198
25199
25200
25202
25203
25206
25207
25208
25210
25211
25212
25213
25214
25215
25359
25370
25447
25487
25490
25494
25499
25503
25510
25511
25515
25526
25538
25539
25542
25543
25547
25551
25554
25555
25558
25559
25562
25563
25566
25568
25570
25571
25574
25575
25578
25579
25582
25586
25587
25590
25591
25594
25595
25598
25599
25787
25791
25803
25807
25811
25814
25815
25819
25823
25827
25831
25835
25847
25850
25851
25859
25862
25863
25866
25867
25871
25872
25874
25875
25876
25878
25879
25880
25882
25883
25884
25886
25887
25888
25890
25891
25892
25894
25895
25896
25898
25899
25900
25902
25903
25906
25907
25908
25910
25911
25912
25914
25915
25916
25918
25919
25922
25923
25926
25927
25930
25931
25934
25935
25938
25939
25940
25942
25943
25946
25947
25951
25954
25955
25958
25959
25962
25963
25966
25967
25970
25971
25974
25975
25979
25983
25987
25990
25991
25993
25999
26006
26015
26019
26119
26127
26131
26135
26154
26158
26159
26162
26163
26166
26167
26170
26171
26174
26175
26178
26179
26182
26183
26186
26187
26190
26191
26195
26199
26203
26206
26207
26210
26211
26215
26216
26218
26219
26222
26223
26226
26227
26230
26234
26235
26239
26499
26503
26506
26511
26512
26514
26515
26516
26518
26519
26522
26523
26526
26527
26531
26534
26535
26539
26540
26542
26543
26547
26550
26551
26555
26562
26563
26566
26567
26570
26571
26574
26575
26579
26582
26583
26586
26587
26590
26591
26594
26595
26598
26599
26602
26603
26607
26610
26611
26614
26619
27014
27015
27019
27023
27027
27031
27034
27035
27038
27039
27042
27043
27046
27047
27050
27051
27055
27058
27059
27060
27062
27063
27066
27067
27070
27071
27075
27079
27082
27083
27086
27087
27090
27091
27094
27095
27098
27099
27103
27107
27110
27111
27114
27115
27118
27119
27122
27123
27126
27127
27130
27131
27135
27199
27271
27316
27318
27320
27322
27326
27478
27482
27494
27648
27649
27651
27652
27653
27654
27655
27656
27657
27658
27659
27660
27661
27663
27664
27666
27667
27668
27670
27671
27672
27674
27675
27676
27677
27679
27680
27681
27682
27683
27684
27686
27687
27688
27690
27691
27692
27694
27695
27697
27698
27699
27700
27701
27702
27703
27704
27705
27706
27707
27708
27709
27710
27711
27712
27713
27714
27715
27717
27718
27719
27720
27721
27722
27723
27724
27726
27727
27728
27730
27731
27735
27737
27738
27739
27742
27743
27746
27747
27750
27751
27753
27754
27755
27762
27763
27766
27767
27769
27841
27971
27983
27990
27991
27995
27999
28081
28098
28099
28102
28103
28106
28107
28110
28111
28114
28115
28118
28119
28120
28122
28123
28124
28126
28127
28150
28160
28161
28162
28164
28165
28166
28167
28168
28169
28170
28171
28172
28173
28175
28176
28177
28178
28179
28180
28182
28183
28184
28186
28187
28188
28190
28191
28192
28193
28195
28196
28198
28199
28200
28201
28202
28203
28204
28206
28207
28208
28209
28210
28211
28212
28213
28214
28215
28216
28217
28218
28219
28220
28221
28222
28223
28227
28230
28231
28234
28235
28239
28243
28247
28250
28251
28252
28254
28255
28256
28258
28259
28260
28262
28263
28265
28266
28267
28268
28270
28271
28272
28276
28278
28279
28282
28283
28286
28354
28355
28358
28359
28362
28363
28366
28367
28371
28375
28395
28485
28554
28572
28691
28787
28791
28794
28795
28799
28801
28803
28808
28811
28815
28816
28818
28819
28820
28823
28826
28827
28828
28830
28831
28832
28834
28835
28836
28839
28843
28844
28846
28847
28849
28850
28852
28868
28869
28872
28877
28878
28882
28884
28885
28886
28888
28889
28890
28891
28893
28894
28895
28896
28897
28898
28899
28901
28902
28903
28904
28905
28906
28907
28910
28911
28912
28913
28914
28915
28916
28917
28918
28919
28920
28921
28922
28923
28927
28931
28932
28934
28935
28938
28939
28943
28944
28946
28947
28950
28951
28955
28959
28963
28967
28977
29155
29159
29171
29175
29178
29179
29187
29313
29314
29316
29317
29318
29319
29323
29327
29330
29334
29336
29338
29339
29342
29351
29355
29358
29362
29363
29365
29366
29367
29370
29371
29374
29375
29442
29445
29449
29458
29543
29547
29550
29551
29553
29556
29558
29559
29567
29569
29577
29588
29616
29619
29667
29671
29675
29679
29681
29683
29687
29690
29691
29695
29829
29832
29842
29844
29846
29848
29853
29854
29857
29862
29865
29866
29872
29873
29874
29877
29878
29880
29881
29882
29883
29885
29886
29889
29890
29893
29894
29896
29898
29900
29902
29904
29905
29906
29909
29910
29914
29918
29937
29944
29946
29947
29950
29951
29954
29957
29963
30082
30083
30088
30104
30118
30122
30126
30129
30130
30131
30134
30135
30138
30139
30142
30146
30147
30151
30155
30159
30163
30171
30175
30178
30182
30208
30209
30210
30212
30214
30215
30216
30218
30219
30220
30223
30224
30226
30227
30228
30229
30230
30231
30232
30234
30235
30236
30238
30239
30241
30242
30243
30244
30245
30246
30247
30248
30250
30251
30252
30254
30255
30256
30257
30258
30259
30260
30261
30262
30263
30264
30265
30266
30267
30268
30269
30270
30271
30272
30273
30274
30275
30281
30283
30285
30287
30289
30291
30293
30295
30299
30303
30305
30307
30311
30313
30315
30319
30323
30325
30327
30329
30330
30331
30339
30343
30347
30351
30354
30355
30358
30359
30362
30363
30366
30367
30370
30371
30374
30375
30378
30379
30383
30387
30391
30395
30398
30399
30402
30403
30404
30405
30406
30407
30408
30410
30411
30412
30414
30415
30418
30419
30420
30422
30423
30424
30426
30427
30428
30430
30431
30432
30433
30434
30435
30436
30438
30439
30440
30442
30443
30444
30446
30447
30448
30449
30450
30451
30453
30454
30455
30456
30458
30459
30466
30470
30471
30474
30475
30479
30492
30500
30504
30508
30511
30514
30515
30518
30519
30522
30523
30526
30527
30530
30531
30532
30534
30535
30538
30541
30543
30547
30550
30551
30554
30571
30574
30578
30579
30582
30583
30594
30595
30789
31169
31327
31331
31362
31363
31434
31435
31443
31483
31584
31589
31619
31620
31623
31624
31634
31646
31651
31662
31663
31666
31667
31670
31671
31674
31675
31678
31679
31683
31686
31687
31690
31691
31694
31695
31698
31706
31707
31715
31731
31734
31735
31738
31739
31795
31882
31891
31894
31895
31898
31899
31903
31907
31911
31914
31915
31918
31919
31922
31923
31926
31927
31930
31931
31934
31937
31941
31950
31963
32139
32147
32151
32194
32195
32211
32215
32219
32255
32441
32449
32483
32487
32559
32563
32578
32579
32582
32583
32587
32591
32595
32599
32603
32607
32611
32615
32619
32622
32623
32627
32631
32635
32639
32771
32774
32778
32779
32786
32790
32791
32795
32798
32799
32803
32806
32807
32810
32811
32814
32815
32818
32819
32822
32823
32826
32827
32830
32831
32834
32835
32838
32842
32843
32846
32847
33029
33359
33375
33379
33383
33387
33391
33395
33399
33403
33595
33602
33603
33762
33774
33784
33786
33790
33807
33810
33811
33814
33815
33818
33819
33822
33823
33827
33831
33851
33855
33859
33861
33863
33866
33867
33870
33871
33875
33876
33877
33878
33879
33882
33883
33886
33887
33888
33890
33891
33892
33894
33895
33896
33898
33899
33900
33902
33903
33906
33907
33910
33911
33914
33915
33917
33918
33919
34033
34054
34067
34079
34083
34087
34091
34102
34106
34107
34110
34111
34112
34114
34115
34118
34119
34120
34122
34123
34125
34126
34128
34130
34131
34132
34135
34138
34139
34142
34143
34144
34146
34147
34150
34151
34152
34154
34155
34158
34159
34162
34163
34167
34170
34171
34175
34219
34223
34227
34235
34239
34242
34243
34245
34247
34250
34251
34255
34259
34263
34267
34271
34274
34275
34279
34282
34283
34287
34291
34292
34294
34295
34296
34297
34298
34299
34307
34310
34311
34314
34315
34319
34323
34326
34340
34350
34351
34354
34358
34359
34362
34363
34366
34367
34370
34371
34373
34374
34375
34376
34377
34378
34379
34380
34382
34383
34386
34387
34388
34390
34391
34392
34394
34395
34399
34403
34406
34407
34418
34419
34422
34423
34426
34427
34431
34450
34451
34455
34463
34471
34496
34497
34498
34499
34500
34501
34502
34503
34504
34505
34506
34507
34508
34509
34510
34511
34512
34514
34515
34516
34518
34519
34520
34522
34523
34524
34525
34526
34527
34528
34530
34531
34532
34533
34534
34535
34536
34538
34539
34542
34545
34546
34547
34548
34549
34550
34551
34552
34553
34554
34579
34583
34591
34595
34599
34603
34607
34611
34615
34623
34624
34626
34627
34630
34631
34634
34635
34638
34639
34640
34643
34644
34646
34647
34648
34649
34650
34651
34652
34654
34655
34656
34657
34658
34659
34660
34661
34662
34663
34664
34665
34666
34667
34668
34670
34671
34672
34674
34675
34678
34679
34680
34682
34683
34686
34687
34691
34695
34698
34699
34703
34706
34707
34711
34714
34715
34719
34723
34727
34731
34734
34735
34739
34743
34747
34750
34751
34755
34759
34767
34771
34795
34798
34799
34802
34835
34852
34859
34863
34867
34876
34895
34916
34927
34929
34931
34933
34935
34937
34939
34943
34946
34948
34949
34950
34953
34955
34957
34960
34963
34966
34967
34970
34971
34974
34975
34976
34977
34978
34979
34982
34983
34985
34986
34987
34991
34994
34995
34999
35000
35001
35003
35004
35005
35006
35007
35011
35027
35031
35138
35143
35151
35155
35163
35171
35175
35179
35182
35183
35184
35185
35191
35194
35195
35206
35243
35247
35254
35303
35319
35322
35323
35333
35462
35463
35466
35467
35471
35474
35475
35478
35479
35482
35483
35486
35487
35488
35491
35494
35495
35498
35499
35500
35502
35503
35506
35507
35510
35511
35514
35515
35518
35519
35523
35527
35531
35535
35539
35543
35547
35550
35551
35554
35555
35558
35559
35563
35567
35574
35575
35578
35581
35582
35583
35755
35843
35846
35847
35850
35851
35855
35858
35859
35862
35863
35866
35867
35868
35870
35871
35875
35878
35879
35891
35895
35899
35903
35907
35911
35915
35927
35931
35935
35943
35947
35950
35951
35959
35963
35967
36139
36146
36147
36155
36159
36163
36167
36179
36183
36195
36198
36199
36202
36203
36207
36211
36219
36231
36247
36251
36268
36270
36274
36278
36282
36283
36286
36290
36291
36295
36296
36299
36300
36302
36310
36314
36327
36330
36331
36334
36335
36337
36338
36339
36341
36342
36343
36344
36346
36347
36350
36351
36374
36427
36431
36471
36475
36506
36514
36515
36518
36520
36523
36527
36531
36534
36535
36538
36542
36875
36879
36883
36887
36891
36899
36903
36907
36914
36915
36919
36922
36923
36930
36931
36934
36935
36937
36939
36950
36963
36966
36970
36974
36975
36978
36979
36982
36983
36985
36986
36987
36991
37091
37095
37099
37107
37111
37115
37122
37123
37127
37128
37139
37140
37144
37146
37147
37148
37150
37152
37156
37158
37160
37162
37164
37166
37168
37170
37171
37172
37174
37175
37176
37178
37180
37182
37186
37187
37190
37199
37203
37238
37297
37391
37394
37395
37396
37399
37400
37402
37403
37404
37408
37410
37411
37415
37416
37431
37432
37435
37442
37443
37446
37447
37450
37454
37466
37471
37474
37475
37476
37478
37479
37482
37483
37484
37486
37487
37490
37494
37495
37498
37499
37500
37502
37503
37825
37826
37830
37837
37838
37843
37845
37846
37851
37859
37863
37865
37866
37867
37868
37870
37871
37872
37873
37874
37875
37880
37881
37882
37883
37885
37886
37887
37888
37891
37892
37894
37895
37896
37898
37899
37900
37903
37904
37906
37907
37908
37910
37911
37914
37915
37918
37919
37920
37921
37922
37923
37924
37926
37927
37928
37930
37931
37935
37936
37938
37939
37942
37943
37944
37945
37946
37947
37950
37951
37953
37954
37955
37956
37957
37958
37959
37960
37961
37962
37963
37964
37965
37966
37968
37969
37970
37971
37972
37973
37974
37975
37976
37977
37978
37979
37980
37981
37982
37984
37985
37986
37987
37990
37991
37992
37993
37994
37995
37996
37998
37999
38000
38001
38002
38003
38004
38005
38006
38007
38008
38009
38010
38011
38012
38013
38014
38016
38020
38023
38024
38025
38026
38027
38031
38034
38046
38047
38051
38055
38065
38071
38075
38079
38131
38404
38412
38421
38424
38425
38427
38429
38431
38435
38437
38447
38451
38454
38455
38459
38463
38464
38465
38466
38467
38468
38469
38470
38471
38472
38473
38474
38475
38477
38478
38479
38480
38481
38482
38483
38485
38486
38487
38488
38489
38490
38491
38493
38494
38495
38498
38499
38500
38501
38502
38503
38504
38505
38506
38507
38508
38513
38514
38515
38517
38518
38519
38520
38521
38522
38523
38526
38527
38535
38539
38543
38546
38547
38551
38555
38559
38567
38571
38595
38599
38601
38603
38611
38615
38619
38622
38623
38627
38631
38635
38638
38639
38642
38643
38646
38647
38651
38655
38703
38711
38715
38727
38731
38735
38739
38841
38876
38890
38894
38898
38931
38966
38967
38978
38982
38995
39089
39180
39183
39184
39186
39187
39190
39191
39194
39195
39196
39198
39199
39200
39202
39203
39206
39207
39210
39211
39214
39215
39219
39222
39223
39224
39225
39226
39227
39230
39231
39234
39235
39238
39239
39242
39243
39246
39247
39250
39251
39254
39255
39258
39259
39260
39262
39263
39266
39267
39268
39270
39271
39272
39274
39275
39276
39278
39280
39281
39282
39283
39284
39286
39287
39291
39363
39364
39366
39367
39370
39371
39374
39375
39378
39379
39380
39382
39383
39384
39386
39388
39392
39394
39409
39412
39416
39422
39425
39428
39429
39432
39436
39439
39442
39443
39446
39447
39448
39449
39450
39451
39453
39454
39455
39458
39459
39462
39463
39465
39466
39467
39470
39471
39472
39474
39475
39476
39478
39479
39481
39482
39483
39486
39487
39488
39489
39490
39491
39492
39493
39494
39495
39496
39497
39498
39499
39500
39501
39502
39503
39504
39505
39506
39507
39508
39509
39510
39511
39512
39513
39514
39515
39518
39519
39522
39523
39526
39527
39529
39530
39531
39534
39535
39538
39539
39542
39543
39546
39547
39550
39681
39682
39692
39696
39700
39701
39702
39703
39704
39706
39708
39710
39712
39714
39716
39726
39728
39729
39732
39733
39736
39740
39741
39809
39812
39813
39815
39816
39817
39818
39824
39828
39831
39832
39834
39838
39842
39846
39849
39850
39854
39860
39864
39865
39868
39873
39876
39887
39892
39896
39903
39906
39908
39936
39941
39945
39946
39948
39949
39954
39956
39960
39964
39968
39972
39976
39978
39980
39982
39984
39985
39986
39987
39988
39989
39990
39994
39995
39996
39997
40011
40051
40063
40195
40198
40199
40202
40203
40208
40210
40211
40212
40214
40215
40216
40218
40219
40222
40223
40224
40226
40227
40228
40231
40232
40234
40235
40236
40238
40239
40240
40242
40243
40246
40247
40250
40254
40255
40258
40259
40262
40263
40266
40267
40270
40271
40274
40275
40278
40279
40282
40283
40286
40287
40290
40291
40292
40294
40295
40298
40299
40302
40303
40306
40307
40310
40311
40314
40315
40318
40319
40642
40646
40689
40832
40833
40836
40837
40840
40841
40842
40844
40845
40848
40849
40850
40852
40853
40854
40856
40857
40858
40862
40864
40865
40866
40868
40869
40872
40873
40879
40881
40885
40889
40892
40893
40926
40934
40944
40954
40966
41002
41006
41010
41014
41043
41141
41234
41350
41354
41471
41473
41475
41477
41479
41480
41481
41482
41483
41487
41490
41491
41494
41495
41498
41499
41502
41503
41507
41511
41512
41514
41515
41518
41519
41522
41523
41526
41527
41530
41531
41534
41535
41538
41539
41542
41543
41546
41547
41550
41551
41554
41555
41558
41559
41562
41563
41566
41567
41570
41571
41574
41575
41579
41591
41600
41601
41602
41603
41607
41609
41611
41615
41618
41619
41622
41623
41626
41627
41648
41649
41650
41654
41655
41658
41659
41662
41663
41666
41667
41670
41671
41674
41675
41678
41679
41682
41683
41686
41687
41690
41691
41694
41695
41696
41698
41702
41703
41704
41706
41707
41708
41710
41711
41714
41715
41718
41719
41722
41723
41728
41730
41731
41734
41735
41736
41737
41739
41740
41743
41747
41750
41751
41754
41755
41758
41759
41762
41763
41765
41767
41771
41774
41775
41777
41778
41779
41782
41783
41786
41787
41841
41939
41941
41955
41962
41963
41966
41967
41969
41970
41971
41973
41974
41975
41976
41977
41978
41979
41984
41987
41989
41991
41992
41995
41996
41999
42001
42002
42003
42005
42006
42007
42008
42009
42010
42011
42012
42014
42015
42017
42018
42019
42022
42023
42025
42027
42033
42037
42048
42049
42050
42051
42052
42053
42054
42055
42056
42057
42058
42059
42060
42061
42062
42063
42064
42065
42066
42067
42068
42069
42070
42071
42072
42073
42074
42075
42076
42077
42078
42079
42080
42081
42082
42083
42084
42085
42086
42087
42088
42089
42090
42091
42092
42094
42095
42096
42097
42098
42099
42101
42102
42103
42104
42105
42106
42107
42108
42110
42111
42112
42114
42115
42116
42117
42118
42119
42120
42121
42122
42123
42124
42125
42127
42128
42129
42130
42131
42132
42133
42134
42135
42136
42137
42138
42139
42140
42141
42142
42143
42144
42145
42146
42147
42148
42149
42150
42151
42152
42153
42154
42156
42157
42158
42160
42161
42162
42163
42164
42165
42166
42167
42168
42169
42170
42171
42172
42173
42174
42175
42176
42177
42178
42179
42180
42181
42182
42183
42185
42186
42187
42188
42189
42190
42193
42194
42195
42197
42198
42199
42201
42202
42203
42206
42207
42210
42211
42212
42213
42214
42215
42216
42217
42218
42219
42220
42222
42225
42226
42227
42228
42229
42230
42231
42232
42233
42234
42235
42236
42237
42238
42239
42243
42302
42303
42306
42307
42310
42311
42314
42318
42331
42335
42370
42371
42372
42373
42375
42379
42383
42386
42387
42391
42407
42410
42414
42418
42419
42423
42431
42433
42434
42435
42438
42439
42442
42443
42446
42447
42450
42451
42454
42455
42458
42459
42462
42463
42464
42466
42467
42468
42470
42471
42472
42474
42475
42476
42478
42479
42480
42482
42483
42486
42487
42490
42491
42499
42503
42507
42511
42514
42523
42582
42609
42624
42626
42628
42629
42630
42632
42633
42634
42636
42637
42641
42642
42644
42645
42646
42648
42649
42650
42652
42653
42654
42656
42657
42658
42660
42661
42662
42663
42664
42665
42666
42667
42668
42670
42671
42672
42673
42674
42675
42677
42678
42679
42680
42681
42682
42683
42684
42685
42686
42687
42688
42690
42693
42698
42704
42708
42712
42725
42734
42736
42737
42741
42744
42745
42746
42754
42762
42778
42780
42783
42784
42787
42788
42790
42791
42792
42794
42795
42796
42798
42799
42800
42801
42802
42803
42804
42806
42807
42808
42809
42810
42811
42812
42813
42814
42815
42816
42817
42818
42819
42820
42821
42822
42823
42824
42825
42826
42827
42828
42829
42830
42831
42832
42834
42835
42836
42838
42839
42840
42841
42842
42843
42844
42845
42846
42847
42848
42849
42850
42851
42852
42853
42854
42855
42856
42857
42858
42859
42862
42863
42864
42865
42866
42867
42868
42869
42870
42871
42872
42873
42874
42876
42877
42878
42882
42884
42886
42888
42889
42890
42896
42897
42898
42900
42903
42904
42905
42906
42907
42908
42909
42911
42912
42914
42915
42916
42917
42919
42920
42921
42922
42923
42924
42926
42928
42929
42932
42933
42934
42936
42937
42938
42939
42940
42941
42942
42943
42945
42946
42947
42948
42949
42950
42951
42952
42953
42954
42955
42956
42957
42958
42959
42960
42961
42962
42963
42964
42965
42966
42967
42968
42969
42970
42971
42972
42973
42974
42976
42977
42978
42980
42981
42982
42983
42984
42985
42987
42988
42990
42993
42995
42996
42997
42998
43000
43001
43002
43003
43004
43005
43006
43074
43075
43076
43077
43079
43082
43083
43084
43090
43091
43092
43094
43095
43102
43104
43106
43107
43108
43110
43114
43118
43122
43125
43126
43129
43130
43134
43189
43197
43257
43264
43265
43266
43267
43268
43270
43271
43273
43274
43275
43276
43277
43279
43282
43283
43286
43287
43290
43291
43294
43295
43298
43299
43302
43303
43304
43306
43307
43310
43311
43313
43314
43315
43318
43319
43320
43322
43326
43327
43330
43331
43334
43335
43338
43339
43342
43343
43345
43346
43347
43350
43351
43354
43355
43359
43362
43363
43366
43367
43368
43370
43371
43374
43375
43378
43379
43382
43383
43387
43392
43394
43399
43428
43520
43521
43524
43525
43528
43529
43532
43533
43535
43536
43537
43538
43539
43540
43541
43542
43543
43544
43545
43546
43547
43548
43549
43550
43551
43552
43553
43554
43555
43556
43557
43558
43559
43560
43562
43563
43564
43566
43567
43568
43569
43570
43572
43573
43574
43575
43576
43577
43578
43579
43580
43581
43582
43583
43584
43586
43587
43588
43589
43590
43591
43592
43593
43594
43595
43596
43597
43598
43599
43600
43601
43602
43603
43604
43605
43606
43607
43608
43610
43611
43612
43613
43614
43615
43616
43617
43618
43619
43620
43621
43622
43623
43624
43626
43627
43628
43630
43633
43634
43635
43636
43638
43639
43640
43642
43643
43648
43649
43655
43659
43663
43666
43667
43670
43671
43674
43675
43678
43679
43682
43683
43686
43687
43690
43691
43694
43695
43698
43699
43700
43702
43703
43706
43707
43710
43711
43714
43715
43717
43718
43720
43722
43723
43726
43727
43728
43729
43730
43731
43732
43733
43734
43735
43738
43739
43742
43743
43746
43747
43750
43751
43753
43754
43755
43756
43758
43761
43762
43763
43764
43766
43767
43771
43785
43825
43946
43950
43954
43955
43962
43970
43971
43974
43975
43976
43977
43978
43979
43982
43983
43986
43987
43990
43991
43994
43998
44008
44027
44029
44031
44103
44115
44119
44123
44135
44147
44171
44179
44183
44191
44195
44248
44251
44255
44266
44279
44280
44283
44299
44303
44307
44311
44315
44331
44354
44355
44358
44359
44363
44367
44371
44375
44378
44379
44382
44383
44386
44387
44391
44394
44395
44398
44399
44402
44403
44406
44407
44410
44427
44431
44455
44459
44467
44475
44479
44483
44487
44491
44495
44499
44503
44507
44511
44515
44519
44520
44522
44523
44524
44529
44530
44535
44539
44542
44678
44680
44681
44682
44683
44684
44685
44687
44688
44689
44690
44691
44692
44693
44694
44695
44696
44697
44698
44699
44700
44701
44702
44703
44704
44706
44707
44708
44709
44710
44711
44712
44713
44714
44715
44716
44718
44719
44720
44722
44723
44724
44725
44726
44727
44728
44729
44730
44731
44732
44734
44735
44738
44739
44742
44743
44746
44747
44750
44751
44754
44755
44758
44759
44762
44763
44766
44767
44770
44771
44774
44775
44778
44779
44782
44783
44786
44787
44790
44791
44794
44795
44798
44799
44871
45054
45059
45063
45066
45067
45071
45075
45083
45087
45097
45187
45191
45195
45199
45202
45203
45206
45207
45211
45219
45239
45247
45251
45255
45259
45263
45267
45270
45271
45274
45275
45278
45279
45282
45283
45287
45291
45294
45298
45299
45303
45306
45307
45311
45322
45455
45459
45463
45479
45483
45487
45507
45515
45550
45551
45554
45555
45558
45559
45562
45563
45567
45807
45827
45847
45871
45875
45878
45879
45883
45887
45891
45894
45895
45952
45953
45954
45956
45957
45958
45959
45960
45961
45962
45963
45965
45968
45974
45975
45976
45977
45978
45979
45980
45981
45982
45983
45984
45985
45986
45987
45988
45990
45991
45992
45994
45995
45996
45998
45999
46000
46001
46002
46003
46004
46005
46006
46007
46008
46009
46010
46011
46012
46013
46014
46015
46018
46019
46022
46023
46026
46027
46031
46035
46039
46042
46043
46044
46047
46050
46051
46054
46055
46058
46059
46066
46067
46074
46075
46078
46226
46242
46243
46246
46247
46257
46260
46262
46264
46266
46275
46279
46282
46285
46294
46295
46299
46302
46306
46307
46308
46310
46311
46312
46314
46315
46316
46318
46319
46322
46323
46325
46326
46327
46331
46347
46355
46359
46363
46367
46371
46375
46636
46656
46660
46664
46678
46681
46703
46706
46709
46710
46713
46715
46855
46859
46860
46863
46866
46867
46870
46871
46874
46875
46879
46943
46966
46967
46970
46971
46974
46975
46978
46979
46980
46982
46983
46986
46987
46991
46994
46995
46998
46999
47002
47003
47006
47007
47010
47011
47014
47015
47018
47019
47022
47023
47026
47027
47030
47031
47035
47039
47041
47042
47043
47044
47046
47047
47048
47050
47051
47052
47054
47055
47058
47059
47062
47063
47064
47066
47067
47069
47070
47074
47075
47077
47078
47079
47081
47082
47083
47086
47087
47090
47091
47093
47095
47097
47098
47101
47102
47103
47119
47123
47127
47131
47166
47167
47170
47171
47174
47175
47178
47179
47186
47187
47190
47191
47195
47199
47203
47207
47211
47215
47219
47223
47226
47237
47238
47242
47245
47250
47254
47262
47263
47275
47279
47282
47283
47286
47287
47290
47291
47293
47294
47295
47298
47299
47302
47303
47304
47305
47306
47307
47308
47310
47311
47314
47315
47318
47319
47322
47323
47331
47334
47338
47342
47346
47347
47350
47354
47355
47358
47359
47364
47367
47376
47380
47386
47388
47390
47392
47396
47398
47400
47402
47403
47404
47408
47410
47411
47412
47414
47415
47418
47422
47423
47426
47430
47431
47433
47434
47435
47437
47438
47439
47440
47441
47443
47444
47445
47447
47451
47455
47459
47463
47466
47467
47470
47471
47473
47474
47475
47477
47478
47479
47481
47482
47483
47543
47546
47838
47842
47856
47875
47879
47883
47887
47890
47891
47892
47895
47898
47899
47902
47903
47907
47955
47959
48006
48007
48010
48011
48018
48019
48022
48023
48026
48027
48030
48031
48039
48042
48043
48047
48055
48132
48134
48138
48140
48144
48148
48150
48151
48152
48170
48174
48176
48178
48181
48183
48190
48302
48303
48306
48310
48314
48315
48319
48322
48362
48363
48371
48375
48394
48395
48399
48403
48406
48407
48410
48427
48438
48442
48515
48518
48519
48520
48522
48523
48524
48527
48528
48529
48530
48531
48532
48533
48534
48535
48536
48538
48539
48540
48541
48542
48543
48544
48545
48546
48547
48549
48550
48551
48552
48553
48554
48555
48558
48559
48562
48563
48564
48565
48566
48567
48568
48570
48571
48574
48575
48579
48595
48599
48622
48623
48635
48646
48647
48648
48649
48650
48651
48653
48655
48658
48659
48662
48663
48666
48667
48670
48671
48674
48675
48678
48679
48682
48683
48686
48687
48690
48691
48694
48695
48698
48699
48702
48703
48706
48707
48710
48711
48714
48715
48718
48719
48722
48723
48726
48727
48730
48731
48735
48739
48743
48746
48747
48750
48751
48754
48755
48758
48759
48762
48763
48766
48767
48771
48775
48779
48783
48786
48787
48790
48791
48792
48794
48795
48798
48799
48802
48803
48806
48807
48810
48811
48814
48815
48819
48823
48831
48834
48835
48838
48839
48842
48843
48846
48847
48850
48851
48855
48858
48859
48863
48866
48867
48870
48871
48874
48875
48878
48879
48881
48882
48883
48886
48887
48888
48890
48891
48895
48898
48899
48903
48906
48907
48911
48915
48916
48918
48919
48922
48923
48924
48926
48927
48928
48931
48932
48934
48935
48936
48938
48939
48940
48942
48943
48944
48945
48946
48947
48948
48950
48951
48954
48955
48958
48959
48960
48962
48963
48964
48965
48966
48967
48968
48969
48970
48971
48972
48973
48974
48975
48976
48977
48978
48979
48980
48981
48982
48983
48984
48985
48986
48987
48990
48991
48992
48993
48994
48995
48996
48997
48998
48999
49001
49002
49003
49004
49006
49007
49008
49009
49010
49011
49012
49014
49015
49016
49018
49019
49020
49022
49027
49088
49090
49091
49092
49093
49094
49096
49097
49098
49100
49101
49102
49103
49104
49106
49107
49110
49111
49113
49114
49115
49117
49118
49119
49122
49123
49125
49126
49127
49129
49130
49131
49139
49140
49141
49142
49143
49144
49145
49146
49147
49149
49150
