24576 160.938
24577 168.75
24580 168.75
24581 184.375
24583 173.438
24584 160.938
24585 175
24586 154.688
24587 175
24588 167.188
24589 145.312
24591 181.25
24594 159.375
24595 175
24596 159.375
24597 157.812
24598 164.062
24599 187.5
24600 165.625
24602 165.625
24604 159.375
24605 168.75
24606 171.875
24607 167.188
24608 153.125
24609 162.5
24610 175
24611 164.062
24612 157.812
24613 160.938
24614 175
24615 168.75
24616 212.5
24617 168.75
24619 181.25
24620 159.375
24622 150
24623 157.812
24624 146.875
24625 153.125
24626 150
24627 157.812
24628 153.125
24629 171.875
24630 153.125
24631 162.5
24632 151.562
24633 170.312
24634 156.25
24635 165.625
24636 153.125
24638 156.25
24639 154.688
24640 150
24641 156.25
24644 153.125
24645 153.125
24646 146.875
24648 156.25
24649 156.25
24650 150
24654 156.25
24656 148.438
24657 154.688
24658 157.812
24662 151.562
24664 148.438
24666 156.25
24667 156.25
24668 146.875
24669 153.125
24670 159.375
24671 156.25
24672 150
24673 148.438
24674 164.062
24675 156.25
24676 190.625
24677 148.438
24678 159.375
24679 167.188
24680 200
24681 150
24683 167.188
24684 184.375
24686 190.625
24687 196.875
24689 153.125
24690 193.75
24691 156.25
24692 153.125
24693 154.688
24694 203.125
24695 168.75
24696 203.125
24697 162.5
24698 170.312
24699 167.188
24700 156.25
24701 171.875
24702 171.875
24703 206.25
24795 156.25
24839 153.125
24843 159.375
24847 150
24899 156.25
24903 165.625
24906 146.875
24907 178.125
24919 156.25
24922 145.312
24923 159.375
24931 148.438
24935 151.562
24939 167.188
24940 146.875
24942 150
24943 148.438
24946 159.375
24947 165.625
24950 150
24951 178.125
24954 167.188
24955 175
24958 148.438
24959 181.25
24963 146.875
24970 148.438
24975 165.625
24979 150
25090 148.438
25091 150
25094 156.25
25095 159.375
25098 164.062
25099 154.688
25103 160.938
25106 148.438
25107 146.875
25110 184.375
25111 153.125
25114 154.688
25115 170.312
25116 159.375
25119 153.125
25122 153.125
25123 168.75
25124 151.562
25126 157.812
25127 187.5
25128 165.625
25129 145.312
25130 193.75
25131 187.5
25132 167.188
25134 178.125
25135 184.375
25136 164.062
25137 146.875
25138 187.5
25139 165.625
25142 200
25143 181.25
25146 175
25147 171.875
25150 146.875
25151 165.625
25152 146.875
25154 156.25
25155 193.75
25156 148.438
25157 146.875
25158 160.938
25159 193.75
25160 151.562
25161 150
25162 168.75
25163 165.625
25166 157.812
25167 165.625
25170 168.75
25171 156.25
25174 164.062
25175 196.875
25176 146.875
25178 168.75
25179 206.25
25182 168.75
25183 212.5
25186 168.75
25187 190.625
25190 171.875
25191 212.5
25192 153.125
25194 173.438
25195 200
25196 146.875
25198 171.875
25199 212.5
25200 153.125
25202 165.625
25203 184.375
25205 153.125
25206 237.5
25207 218.75
25208 162.5
25210 184.375
25211 225
25212 168.75
25213 156.25
25214 193.75
25215 206.25
25329 148.438
25347 146.875
25351 153.125
25355 153.125
25359 157.812
25362 146.875
25363 146.875
25367 151.562
25370 154.688
25374 150
25387 150
25391 153.125
25395 150
25411 148.438
25447 171.875
25459 148.438
25478 148.438
25482 148.438
25487 159.375
25490 157.812
25494 156.25
25495 150
25499 162.5
25502 153.125
25503 154.688
25510 164.062
25511 156.25
25515 159.375
25516 148.438
25519 146.875
25526 156.25
25530 150
25531 146.875
25534 151.562
25535 151.562
25538 157.812
25539 159.375
25542 162.5
25543 170.312
25547 173.438
25550 148.438
25551 160.938
25554 157.812
25555 157.812
25558 156.25
25559 164.062
25562 160.938
25563 164.062
25564 146.875
25566 175
25568 153.125
25570 168.75
25571 164.062
25572 151.562
25574 167.188
25575 193.75
25578 193.75
25579 206.25
25580 146.875
25582 178.125
25583 150
25586 206.25
25587 160.938
25590 181.25
25591 157.812
25594 181.25
25595 168.75
25598 162.5
25599 187.5
25603 146.875
25783 146.875
25787 162.5
25791 154.688
25795 148.438
25799 153.125
25803 171.875
25806 145.312
25807 165.625
25810 148.438
25811 162.5
25814 175
25815 173.438
25819 165.625
25823 171.875
25827 162.5
25828 146.875
25831 171.875
25834 146.875
25835 165.625
25838 150
25839 150
25843 148.438
25846 150
25847 167.188
25850 162.5
25851 171.875
25855 148.438
25859 187.5
25862 159.375
25863 184.375
25866 175
25867 190.625
25869 148.438
25871 184.375
25872 187.5
25874 193.75
25875 212.5
25876 178.125
25878 225
25879 225
25880 171.875
25882 203.125
25883 206.25
25884 165.625
25886 193.75
25887 190.625
25888 164.062
25890 193.75
25891 200
25892 171.875
25894 193.75
25895 206.25
25896 162.5
25897 146.875
25898 212.5
25899 206.25
25900 159.375
25902 250
25903 225
25906 212.5
25907 200
25908 168.75
25910 187.5
25911 206.25
25912 168.75
25914 206.25
25915 206.25
25916 159.375
25918 237.5
25919 206.25
25922 184.375
25923 193.75
25926 200
25927 206.25
25930 212.5
25931 206.25
25934 212.5
25935 225
25938 168.75
25939 231.25
25940 159.375
25942 212.5
25943 206.25
25946 206.25
25947 212.5
25948 151.562
25950 146.875
25951 193.75
25954 184.375
25955 196.875
25958 196.875
25959 212.5
25962 178.125
25963 200
25966 187.5
25967 187.5
25970 165.625
25971 178.125
25974 181.25
25975 212.5
25978 150
25979 164.062
25983 218.75
25987 159.375
25990 157.812
25991 162.5
25993 700
25997 148.438
25999 165.625
26002 153.125
26003 153.125
26004 148.438
26006 154.688
26007 153.125
26011 153.125
26014 148.438
26015 157.812
26019 165.625
26027 146.875
26030 146.875
26035 146.875
26039 148.438
26043 153.125
26119 168.75
26122 146.875
26127 162.5
26130 153.125
26131 165.625
26135 154.688
26138 146.875
26143 148.438
26150 146.875
26151 146.875
26152 146.875
26154 162.5
26155 150
26158 171.875
26159 160.938
26162 167.188
26163 168.75
26166 170.312
26167 175
26170 170.312
26171 193.75
26174 181.25
26175 175
26178 190.625
26179 190.625
26182 181.25
26183 168.75
26186 184.375
26187 184.375
26190 171.875
26191 181.25
26195 184.375
26198 151.562
26199 168.75
26202 151.562
26203 190.625
26204 153.125
26206 153.125
26207 178.125
26210 156.25
26211 165.625
26214 148.438
26215 175
26216 156.25
26218 171.875
26219 171.875
26222 170.312
26223 159.375
26226 178.125
26227 171.875
26230 171.875
26234 178.125
26235 176.562
26239 159.375
26498 146.875
26499 193.75
26503 178.125
26504 151.562
26506 171.875
26507 145.312
26511 157.812
26512 165.625
26514 175
26515 165.625
26516 157.812
26518 157.812
26519 162.5
26520 146.875
26522 159.375
26523 178.125
26526 162.5
26527 168.75
26528 146.875
26531 160.938
26532 150
26534 159.375
26535 159.375
26537 146.875
26539 159.375
26540 154.688
26542 153.125
26543 165.625
26544 153.125
26546 153.125
26547 164.062
26548 148.438
26549 153.125
26550 157.812
26551 168.75
26552 150
26554 153.125
26555 178.125
26558 148.438
26559 150
26562 154.688
26563 176.562
26566 157.812
26567 181.25
26570 167.188
26571 193.75
26574 162.5
26575 187.5
26579 187.5
26582 165.625
26583 175
26586 175
26587 206.25
26590 159.375
26591 171.875
26594 160.938
26595 184.375
26598 165.625
26599 168.75
26600 146.875
26602 162.5
26603 187.5
26606 146.875
26607 168.75
26610 156.25
26611 187.5
26614 168.75
26615 150
26619 157.812
26623 150
26735 150
26738 150
26946 151.562
26947 148.438
27010 153.125
27014 154.688
27015 187.5
27018 146.875
27019 212.5
27023 196.875
27024 150
27026 151.562
27027 190.625
27028 151.562
27030 146.875
27031 173.438
27032 151.562
27034 165.625
27035 187.5
27036 153.125
27038 162.5
27039 171.875
27042 156.25
27043 168.75
27044 148.438
27046 162.5
27047 168.75
27048 148.438
27050 157.812
27051 171.875
27052 148.438
27054 153.125
27055 170.312
27056 148.438
27057 146.875
27058 154.688
27059 190.625
27060 156.25
27062 159.375
27063 181.25
27064 148.438
27066 200
27067 200
27070 156.25
27071 159.375
27074 153.125
27075 175
27078 153.125
27079 181.25
27082 157.812
27083 196.875
27086 168.75
27087 206.25
27090 167.188
27091 190.625
27094 159.375
27095 237.5
27098 165.625
27099 262.5
27102 150
27103 178.125
27106 151.562
27107 184.375
27110 156.25
27111 175
27114 196.875
27115 175
27118 187.5
27119 225
27122 156.25
27123 225
27126 167.188
27127 190.625
27130 165.625
27131 187.5
27135 200
27195 148.438
27198 148.438
27199 159.375
27271 156.25
27275 146.875
27282 150
27302 146.875
27314 150
27316 159.375
27318 168.75
27320 156.25
27322 181.25
27323 153.125
27326 171.875
27327 146.875
27478 159.375
27479 151.562
27482 159.375
27483 146.875
27487 150
27492 146.875
27494 156.25
27498 150
27511 146.875
27512 146.875
27648 184.375
27649 184.375
27650 148.438
27651 157.812
27652 165.625
27653 700
27654 171.875
27655 203.125
27656 175
27657 200
27658 154.688
27659 212.5
27660 178.125
27661 154.688
27663 184.375
27664 170.312
27666 190.625
27667 175
27668 167.188
27670 187.5
27671 168.75
27672 162.5
27673 146.875
27674 200
27675 168.75
27676 164.062
27677 162.5
27678 153.125
27679 167.188
27680 156.25
27681 164.062
27682 165.625
27683 196.875
27684 153.125
27686 162.5
27687 181.25
27688 159.375
27690 196.875
27691 181.25
27692 156.25
27694 187.5
27695 190.625
27696 150
27697 165.625
27698 193.75
27699 193.75
27700 156.25
27701 162.5
27702 196.875
27703 196.875
27704 154.688
27705 168.75
27706 190.625
27707 193.75
27708 156.25
27709 175
27710 203.125
27711 212.5
27712 157.812
27713 157.812
27714 173.438
27715 190.625
27716 151.562
27717 156.25
27718 181.25
27719 184.375
27720 156.25
27721 167.188
27722 190.625
27723 193.75
27724 167.188
27726 190.625
27727 206.25
27728 157.812
27730 156.25
27731 212.5
27734 150
27735 181.25
27736 153.125
27737 156.25
27738 196.875
27739 206.25
27741 148.438
27742 156.25
27743 181.25
27745 146.875
27746 181.25
27747 187.5
27749 150
27750 193.75
27751 165.625
27753 156.25
27754 168.75
27755 167.188
27758 153.125
27761 153.125
27762 162.5
27763 162.5
27765 151.562
27766 157.812
27767 154.688
27769 154.688
27837 148.438
27841 700
27914 148.438
27954 153.125
27955 151.562
27971 156.25
27974 148.438
27975 153.125
27978 146.875
27983 168.75
27990 156.25
27991 156.25
27995 165.625
27999 159.375
28003 151.562
28007 153.125
28011 146.875
28031 146.875
28059 150
28062 150
28073 146.875
28081 153.125
28089 151.562
28094 148.438
28095 146.875
28098 200
28099 167.188
28102 168.75
28103 168.75
28106 171.875
28107 175
28110 178.125
28111 193.75
28114 184.375
28115 171.875
28118 171.875
28119 168.75
28120 165.625
28122 178.125
28123 176.562
28124 157.812
28126 165.625
28127 156.25
28128 150
28130 150
28131 150
28132 145.312
28135 146.875
28137 146.875
28148 153.125
28150 175
28156 150
28160 157.812
28161 179.688
28162 193.75
28163 153.125
28164 200
28165 162.5
28166 187.5
28167 171.875
28168 200
28169 162.5
28170 196.875
28171 159.375
28172 193.75
28173 160.938
28175 157.812
28176 190.625
28177 190.625
28178 237.5
28179 193.75
28180 190.625
28181 146.875
28182 178.125
28183 200
28184 187.5
28186 212.5
28187 184.375
28188 178.125
28189 146.875
28190 193.75
28191 187.5
28192 178.125
28193 168.75
28194 151.562
28195 200
28196 184.375
28197 150
28198 196.875
28199 196.875
28200 181.25
28201 154.688
28202 193.75
28203 193.75
28204 181.25
28206 225
28207 231.25
28208 171.875
28209 193.75
28210 170.312
28211 225
28212 178.125
28213 193.75
28214 178.125
28215 225
28216 181.25
28217 156.25
28218 168.75
28219 203.125
28220 168.75
28221 181.25
28222 173.438
28223 200
28226 151.562
28227 162.5
28230 154.688
28231 159.375
28234 159.375
28235 159.375
28236 146.875
28239 162.5
28241 148.438
28243 156.25
28247 157.812
28250 165.625
28251 168.75
28252 160.938
28254 167.188
28255 159.375
28256 156.25
28258 181.25
28259 154.688
28260 156.25
28262 168.75
28263 157.812
28264 145.312
28265 156.25
28266 168.75
28267 181.25
28268 165.625
28270 206.25
28271 212.5
28272 162.5
28273 153.125
28276 159.375
28278 187.5
28279 171.875
28280 153.125
28282 170.312
28283 164.062
28284 153.125
28286 160.938
28338 153.125
28339 151.562
28354 175
28355 157.812
28358 156.25
28359 160.938
28362 171.875
28363 162.5
28366 159.375
28367 160.938
28371 156.25
28374 151.562
28375 156.25
28392 145.312
28395 162.5
28396 148.438
28401 153.125
28485 700
28510 148.438
28550 148.438
28554 162.5
28557 146.875
28566 148.438
28572 160.938
28576 150
28580 153.125
28626 150
28627 146.875
28628 151.562
28646 146.875
28648 151.562
28691 156.25
28707 153.125
28723 145.312
28727 145.312
28786 146.875
28787 162.5
28790 150
28791 175
28794 165.625
28795 184.375
28798 148.438
28799 206.25
28801 165.625
28802 150
28803 700
28804 153.125
28808 159.375
28810 153.125
28811 187.5
28815 159.375
28816 162.5
28818 170.312
28819 154.688
28820 159.375
28822 151.562
28823 176.562
28826 159.375
28827 164.062
28828 154.688
28830 159.375
28831 156.25
28832 165.625
28834 168.75
28835 159.375
28836 154.688
28839 156.25
28840 151.562
28841 146.875
28842 151.562
28843 159.375
28844 156.25
28846 156.25
28847 162.5
28849 171.875
28850 162.5
28851 153.125
28852 162.5
28855 150
28862 146.875
28864 151.562
28865 148.438
28868 154.688
28869 165.625
28870 146.875
28872 159.375
28873 146.875
28874 151.562
28875 148.438
28877 164.062
28878 154.688
28879 150
28882 171.875
28883 151.562
28884 156.25
28885 159.375
28886 162.5
28887 153.125
28888 154.688
28889 165.625
28890 165.625
28891 162.5
28892 151.562
28893 168.75
28894 157.812
28895 187.5
28896 159.375
28897 157.812
28898 159.375
28899 203.125
28900 153.125
28901 170.312
28902 156.25
28903 203.125
28904 164.062
28905 159.375
28906 206.25
28907 212.5
28908 153.125
28910 190.625
28911 184.375
28912 159.375
28913 168.75
28914 200
28915 218.75
28916 218.75
28917 162.5
28918 164.062
28919 231.25
28920 168.75
28921 175
28922 237.5
28923 225
28927 275
28931 184.375
28932 159.375
28934 181.25
28935 181.25
28938 168.75
28939 184.375
28943 178.125
28944 162.5
28946 157.812
28947 164.062
28948 148.438
28950 164.062
28951 168.75
28954 148.438
28955 170.312
28959 171.875
28963 157.812
28967 171.875
28971 153.125
28977 159.375
29034 146.875
29058 150
29059 151.562
29066 146.875
29074 153.125
29155 159.375
29159 167.188
29170 148.438
29171 157.812
29174 150
29175 157.812
29178 168.75
29179 170.312
29185 150
29186 153.125
29187 153.125
29195 146.875
29233 146.875
29249 146.875
29295 150
29297 146.875
29300 151.562
29301 153.125
29302 150
29313 159.375
29314 160.938
29316 164.062
29317 700
29318 168.75
29319 190.625
29320 153.125
29321 148.438
29322 153.125
29323 156.25
29324 146.875
29325 151.562
29327 187.5
29328 150
29329 148.438
29330 157.812
29331 153.125
29332 150
29333 150
29334 181.25
29336 184.375
29337 151.562
29338 159.375
29339 159.375
29340 146.875
29341 150
29342 159.375
29343 153.125
29344 148.438
29346 151.562
29349 146.875
29350 151.562
29351 196.875
29355 156.25
29358 190.625
29361 150
29362 206.25
29363 200
29364 148.438
29365 162.5
29366 200
29367 206.25
29370 193.75
29371 181.25
29372 150
29373 150
29374 193.75
29375 162.5
29419 145.312
29440 148.438
29441 153.125
29442 154.688
29443 150
29445 700
29446 148.438
29449 157.812
29456 153.125
29458 164.062
29460 146.875
29464 146.875
29474 146.875
29500 146.875
29531 151.562
29538 150
29539 148.438
29542 146.875
29543 159.375
29546 146.875
29547 159.375
29548 146.875
29550 168.75
29551 162.5
29553 162.5
29556 160.938
29558 162.5
29559 225
29560 150
29565 150
29567 193.75
29568 150
29569 157.812
29570 146.875
29577 700
29580 150
29581 151.562
29586 146.875
29588 156.25
29605 148.438
29609 148.438
29616 154.688
29618 151.562
29619 156.25
29644 146.875
29667 154.688
29671 175
29675 160.938
29679 157.812
29681 157.812
29683 160.938
29687 178.125
29689 148.438
29690 153.125
29691 181.25
29692 146.875
29693 146.875
29694 153.125
29695 173.438
29706 146.875
29714 150
29747 150
29821 151.562
29823 150
29825 151.562
29826 146.875
29829 154.688
29832 154.688
29834 151.562
29842 178.125
29844 159.375
29845 151.562
29846 162.5
29848 159.375
29849 150
29851 146.875
29853 156.25
29854 162.5
29856 150
29857 154.688
29860 146.875
29862 165.625
29864 150
29865 157.812
29866 165.625
29872 170.312
29873 159.375
29874 171.875
29876 151.562
29877 154.688
29878 171.875
29880 154.688
29881 157.812
29882 175
29883 184.375
29884 151.562
29885 156.25
29886 175
29887 146.875
29889 156.25
29890 160.938
29892 150
29893 157.812
29894 165.625
29896 154.688
29897 151.562
29898 162.5
29900 157.812
29902 181.25
29903 148.438
29904 162.5
29905 159.375
29906 171.875
29908 153.125
29909 157.812
29910 167.188
29912 150
29913 151.562
29914 160.938
29917 151.562
29918 159.375
29919 146.875
29921 146.875
29922 153.125
29926 153.125
29929 148.438
29937 156.25
29940 153.125
29941 153.125
29942 146.875
29943 146.875
29944 154.688
29945 151.562
29946 157.812
29947 154.688
29948 153.125
29949 151.562
29950 168.75
29951 157.812
29952 150
29954 154.688
29955 151.562
29957 700
29961 146.875
29963 700
29967 148.438
29996 146.875
30001 148.438
30017 150
30065 146.875
30080 146.875
30081 146.875
30082 154.688
30083 168.75
30084 150
30086 150
30087 153.125
30088 159.375
30091 146.875
30095 148.438
30098 148.438
30100 146.875
30101 151.562
30102 150
30104 154.688
30108 146.875
30112 146.875
30118 160.938
30122 160.938
30126 154.688
30128 148.438
30129 159.375
30130 160.938
30131 168.75
30132 150
30134 162.5
30135 171.875
30136 153.125
30138 157.812
30139 165.625
30140 148.438
30142 157.812
30146 171.875
30147 156.25
30150 148.438
30151 156.25
30154 146.875
30155 162.5
30158 150
30159 170.312
30162 148.438
30163 162.5
30167 153.125
30170 146.875
30171 168.75
30174 150
30175 162.5
30178 160.938
30179 153.125
30180 148.438
30182 164.062
30183 146.875
30184 145.312
30186 150
30192 150
30193 150
30195 146.875
30202 150
30208 193.75
30209 154.688
30210 190.625
30212 187.5
30213 146.875
30214 187.5
30215 700
30216 187.5
30217 146.875
30218 162.5
30219 237.5
30220 153.125
30221 150
30223 206.25
30224 184.375
30225 146.875
30226 181.25
30227 200
30228 178.125
30229 168.75
30230 187.5
30231 203.125
30232 170.312
30233 146.875
30234 181.25
30235 212.5
30236 176.562
30238 187.5
30239 400
30241 165.625
30242 187.5
30243 206.25
30244 168.75
30245 184.375
30246 203.125
30247 206.25
30248 175
30250 187.5
30251 262.5
30252 171.875
30254 225
30255 250
30256 171.875
30257 173.438
30258 237.5
30259 250
30260 181.25
30261 190.625
30262 237.5
30263 262.5
30264 181.25
30265 193.75
30266 250
30267 262.5
30268 168.75
30269 184.375
30270 243.75
30271 262.5
30272 157.812
30273 157.812
30274 181.25
30275 173.438
30277 148.438
30278 145.312
30281 162.5
30283 250
30285 157.812
30287 275
30289 156.25
30291 237.5
30293 212.5
30295 237.5
30297 146.875
30299 237.5
30303 203.125
30305 164.062
30307 250
30311 209.375
30313 173.438
30315 206.25
30319 181.25
30321 150
30323 243.75
30325 154.688
30327 237.5
30329 156.25
30330 173.438
30331 237.5
30333 145.312
30334 150
30338 151.562
30339 700
30342 145.312
30343 175
30347 171.875
30351 175
30354 165.625
30355 173.438
30356 146.875
30358 157.812
30359 171.875
30360 146.875
30362 160.938
30363 184.375
30364 150
30366 157.812
30367 168.75
30368 146.875
30369 146.875
30370 156.25
30371 175
30372 145.312
30374 164.062
30375 168.75
30378 160.938
30379 171.875
30382 148.438
30383 165.625
30385 146.875
30386 151.562
30387 165.625
30388 146.875
30390 153.125
30391 165.625
30392 146.875
30394 151.562
30395 162.5
30398 156.25
30399 160.938
30402 178.125
30403 178.125
30404 162.5
30405 168.75
30406 181.25
30407 181.25
30408 187.5
30409 148.438
30410 187.5
30411 700
30412 175
30413 146.875
30414 181.25
30415 181.25
30416 150
30418 200
30419 187.5
30420 162.5
30422 168.75
30423 171.875
30424 159.375
30426 154.688
30427 173.438
30428 153.125
30430 165.625
30431 159.375
30432 159.375
30433 159.375
30434 173.438
30435 175
30436 160.938
30437 150
30438 173.438
30439 165.625
30440 159.375
30442 171.875
30443 165.625
30444 165.625
30446 167.188
30447 165.625
30448 160.938
30449 156.25
30450 160.938
30451 165.625
30452 146.875
30453 164.062
30454 181.25
30455 156.25
30456 162.5
30458 160.938
30459 175
30460 150
30464 146.875
30466 156.25
30467 146.875
30469 145.312
30470 159.375
30471 165.625
30473 146.875
30474 160.938
30475 181.25
30477 146.875
30479 168.75
30482 148.438
30491 148.438
30492 175
30496 148.438
30500 159.375
30504 157.812
30505 146.875
30508 160.938
30511 154.688
30513 151.562
30514 154.688
30515 154.688
30518 165.625
30519 167.188
30522 165.625
30523 178.125
30526 171.875
30527 173.438
30530 160.938
30531 167.188
30532 156.25
30533 148.438
30534 168.75
30535 193.75
30537 153.125
30538 171.875
30539 153.125
30540 150
30541 154.688
30542 153.125
30543 159.375
30544 148.438
30545 146.875
30546 151.562
30547 159.375
30550 162.5
30551 154.688
30553 146.875
30554 159.375
30555 151.562
30559 146.875
30562 146.875
30566 145.312
30567 146.875
30569 146.875
30571 160.938
30574 157.812
30575 153.125
30577 148.438
30578 157.812
30579 160.938
30581 146.875
30582 162.5
30583 156.25
30585 146.875
30586 150
30588 146.875
30589 146.875
30592 146.875
30594 700
30595 700
30598 146.875
30730 146.875
30789 700
31104 146.875
31105 150
31106 150
31169 157.812
31216 148.438
31217 151.562
31219 146.875
31221 151.562
31327 165.625
31331 159.375
31345 146.875
31346 150
31347 150
31360 153.125
31361 153.125
31362 154.688
31363 156.25
31430 150
31434 168.75
31435 156.25
31443 162.5
31447 153.125
31473 146.875
31483 153.125
31584 165.625
31587 148.438
31589 212.5
31618 148.438
31619 156.25
31620 156.25
31623 153.125
31624 154.688
31634 159.375
31638 148.438
31639 146.875
31646 157.812
31647 146.875
31651 157.812
31655 148.438
31658 150
31659 150
31662 175
31663 162.5
31666 184.375
31667 162.5
31670 171.875
31671 165.625
31674 171.875
31675 175
31678 171.875
31679 164.062
31682 153.125
31683 162.5
31686 175
31687 160.938
31690 159.375
31691 156.25
31694 165.625
31695 190.625
31698 159.375
31699 148.438
31702 151.562
31706 156.25
31707 159.375
31710 148.438
31711 153.125
31714 150
31715 154.688
31718 148.438
31726 148.438
31727 150
31730 146.875
31731 175
31734 157.812
31735 156.25
31738 162.5
31739 160.938
31740 150
31795 156.25
31876 148.438
31879 150
31880 148.438
31881 153.125
31882 168.75
31883 146.875
31884 150
31885 150
31889 146.875
31891 193.75
31894 157.812
31895 178.125
31898 157.812
31899 160.938
31902 151.562
31903 178.125
31907 164.062
31910 153.125
31911 181.25
31913 150
31914 157.812
31915 181.25
31918 175
31919 175
31922 168.75
31923 184.375
31925 146.875
31926 170.312
31927 181.25
31930 171.875
31931 168.75
31933 145.312
31934 159.375
31935 151.562
31937 159.375
31938 148.438
31939 146.875
31941 700
31943 146.875
31946 151.562
31947 148.438
31950 156.25
31951 150
31952 150
31955 146.875
31958 146.875
31963 156.25
31967 153.125
31977 148.438
31987 150
31993 145.312
32111 150
32139 168.75
32147 159.375
32151 156.25
32178 146.875
32182 151.562
32183 146.875
32187 146.875
32191 146.875
32194 154.688
32195 193.75
32198 146.875
32199 150
32203 151.562
32211 156.25
32215 157.812
32219 160.938
32234 146.875
32241 146.875
32255 157.812
32265 148.438
32355 146.875
32437 151.562
32441 700
32449 700
32467 153.125
32483 162.5
32487 153.125
32535 146.875
32553 146.875
32555 146.875
32559 156.25
32563 157.812
32567 153.125
32578 178.125
32579 206.25
32582 175
32583 193.75
32587 206.25
32590 151.562
32591 218.75
32594 153.125
32595 206.25
32598 148.438
32599 212.5
32603 200
32606 145.312
32607 190.625
32610 145.312
32611 187.5
32614 150
32615 190.625
32619 181.25
32622 156.25
32623 168.75
32627 200
32630 151.562
32631 154.688
32635 165.625
32639 164.062
32650 148.438
32752 153.125
32771 159.375
32774 196.875
32775 148.438
32778 159.375
32779 165.625
32783 150
32786 159.375
32787 153.125
32790 157.812
32791 156.25
32794 150
32795 164.062
32798 162.5
32799 156.25
32800 153.125
32803 160.938
32806 162.5
32807 162.5
32809 148.438
32810 156.25
32811 157.812
32814 156.25
32815 165.625
32818 165.625
32819 184.375
32822 200
32823 184.375
32826 193.75
32827 196.875
32830 181.25
32831 184.375
32834 156.25
32835 154.688
32838 159.375
32839 150
32842 164.062
32843 165.625
32846 171.875
32847 164.062
32850 146.875
32851 150
32855 148.438
32859 150
32879 148.438
32883 148.438
32887 150
32891 150
32895 146.875
32906 148.438
33029 700
33034 146.875
33262 146.875
33359 159.375
33363 148.438
33371 150
33375 165.625
33379 162.5
33381 146.875
33383 162.5
33387 165.625
33391 173.438
33395 196.875
33399 200
33403 231.25
33542 148.438
33546 146.875
33572 150
33583 153.125
33587 153.125
33591 153.125
33595 153.125
33599 153.125
33602 159.375
33603 162.5
33604 146.875
33611 146.875
33615 145.312
33619 148.438
33627 148.438
33631 151.562
33642 151.562
33655 146.875
33728 148.438
33730 150
33733 148.438
33734 153.125
33736 145.312
33737 148.438
33740 146.875
33741 148.438
33744 146.875
33746 146.875
33754 150
33755 150
33756 148.438
33758 148.438
33760 148.438
33762 154.688
33766 151.562
33770 145.312
33774 160.938
33779 148.438
33780 146.875
33783 153.125
33784 175
33786 160.938
33788 150
33790 700
33802 146.875
33805 146.875
33807 162.5
33809 146.875
33810 184.375
33811 167.188
33812 148.438
33814 175
33815 165.625
33818 156.25
33819 200
33820 148.438
33822 160.938
33823 173.438
33826 150
33827 168.75
33828 153.125
33830 151.562
33831 171.875
33835 150
33839 151.562
33848 145.312
33851 157.812
33852 151.562
33855 154.688
33856 146.875
33858 151.562
33859 187.5
33860 146.875
33861 156.25
33862 148.438
33863 200
33865 151.562
33866 154.688
33867 212.5
33869 148.438
33870 160.938
33871 162.5
33873 153.125
33875 167.188
33876 171.875
33877 156.25
33878 159.375
33879 225
33880 150
33881 151.562
33882 171.875
33883 171.875
33885 150
33886 184.375
33887 206.25
33888 178.125
33889 151.562
33890 165.625
33891 193.75
33892 175
33894 164.062
33895 178.125
33896 162.5
33898 203.125
33899 175
33900 167.188
33902 184.375
33903 218.75
33906 184.375
33907 187.5
33910 193.75
33911 225
33914 225
33915 231.25
33917 700
33918 193.75
33919 200
34033 700
34054 162.5
34067 160.938
34074 150
34078 146.875
34079 153.125
34082 148.438
34083 159.375
34086 151.562
34087 212.5
34090 151.562
34091 168.75
34095 153.125
34099 153.125
34102 156.25
34106 184.375
34107 154.688
34110 187.5
34111 164.062
34112 159.375
34114 162.5
34115 175
34117 146.875
34118 154.688
34119 190.625
34120 156.25
34122 167.188
34123 200
34125 162.5
34126 175
34127 146.875
34128 157.812
34130 184.375
34131 200
34132 154.688
34134 151.562
34135 187.5
34136 151.562
34137 150
34138 187.5
34139 200
34142 178.125
34143 179.688
34144 156.25
34146 190.625
34147 178.125
34148 148.438
34149 148.438
34150 170.312
34151 171.875
34152 156.25
34153 150
34154 218.75
34155 190.625
34156 148.438
34158 218.75
34159 165.625
34160 150
34161 150
34162 203.125
34163 171.875
34164 151.562
34165 151.562
34166 151.562
34167 167.188
34168 146.875
34170 176.562
34171 200
34175 168.75
34219 159.375
34223 160.938
34227 165.625
34230 150
34235 173.438
34239 165.625
34242 154.688
34243 181.25
34245 700
34246 151.562
34247 184.375
34250 156.25
34251 173.438
34254 151.562
34255 178.125
34259 165.625
34263 157.812
34266 148.438
34267 157.812
34270 150
34271 200
34274 162.5
34275 206.25
34278 151.562
34279 196.875
34282 160.938
34283 187.5
34286 153.125
34287 160.938
34290 153.125
34291 171.875
34292 700
34294 171.875
34295 212.5
34296 159.375
34297 700
34298 700
34299 190.625
34303 145.312
34306 151.562
34307 171.875
34310 154.688
34311 212.5
34314 157.812
34315 168.75
34319 200
34323 193.75
34326 162.5
34331 153.125
34336 153.125
34340 156.25
34347 146.875
34350 160.938
34351 178.125
34354 162.5
34358 160.938
34359 178.125
34362 165.625
34363 181.25
34366 157.812
34367 184.375
34368 150
34369 150
34370 193.75
34371 209.375
34372 150
34373 156.25
34374 212.5
34375 187.5
34376 156.25
34377 167.188
34378 212.5
34379 190.625
34380 154.688
34382 168.75
34383 187.5
34386 175
34387 178.125
34388 154.688
34390 156.25
34391 165.625
34392 154.688
34393 150
34394 156.25
34395 165.625
34396 148.438
34398 151.562
34399 156.25
34401 146.875
34402 151.562
34403 156.25
34405 151.562
34406 153.125
34407 193.75
34410 146.875
34411 150
34417 146.875
34418 165.625
34419 193.75
34420 148.438
34421 150
34422 184.375
34423 206.25
34424 148.438
34425 146.875
34426 184.375
34427 171.875
34431 159.375
34450 159.375
34451 157.812
34454 146.875
34455 156.25
34463 154.688
34467 145.312
34471 167.188
34475 148.438
34496 178.125
34497 175
34498 193.75
34499 193.75
34500 171.875
34501 181.25
34502 200
34503 212.5
34504 178.125
34505 178.125
34506 212.5
34507 231.25
34508 171.875
34509 173.438
34510 175
34511 181.25
34512 168.75
34513 150
34514 157.812
34515 159.375
34516 162.5
34518 157.812
34519 200
34520 165.625
34521 146.875
34522 154.688
34523 212.5
34524 162.5
34525 168.75
34526 175
34527 237.5
34528 165.625
34530 225
34531 212.5
34532 168.75
34533 160.938
34534 212.5
34535 225
34536 168.75
34537 146.875
34538 212.5
34539 225
34540 151.562
34542 206.25
34545 165.625
34546 700
34547 206.25
34548 193.75
34549 184.375
34550 218.75
34551 262.5
34552 184.375
34553 187.5
34554 175
34579 168.75
34582 150
34583 165.625
34587 150
34591 164.062
34595 154.688
34599 159.375
34603 157.812
34606 153.125
34607 156.25
34610 146.875
34611 156.25
34615 154.688
34616 146.875
34617 148.438
34618 150
34619 153.125
34620 148.438
34622 148.438
34623 165.625
34624 170.312
34626 171.875
34627 181.25
34628 148.438
34630 250
34631 212.5
34633 146.875
34634 184.375
34635 209.375
34638 175
34639 209.375
34640 168.75
34642 148.438
34643 190.625
34644 157.812
34646 165.625
34647 175
34648 175
34649 173.438
34650 203.125
34651 218.75
34652 159.375
34654 165.625
34655 175
34656 159.375
34657 157.812
34658 200
34659 193.75
34660 159.375
34661 168.75
34662 184.375
34663 171.875
34664 160.938
34665 184.375
34666 162.5
34667 181.25
34668 190.625
34670 212.5
34671 212.5
34672 156.25
34674 200
34675 178.125
34678 168.75
34679 181.25
34680 178.125
34681 146.875
34682 175
34683 178.125
34686 187.5
34687 181.25
34691 175
34695 175
34698 154.688
34699 178.125
34703 173.438
34706 157.812
34707 218.75
34710 146.875
34711 193.75
34714 165.625
34715 171.875
34718 153.125
34719 184.375
34723 173.438
34727 196.875
34730 153.125
34731 162.5
34734 193.75
34735 193.75
34738 148.438
34739 190.625
34742 146.875
34743 181.25
34746 151.562
34747 184.375
34750 156.25
34751 164.062
34755 156.25
34759 156.25
34762 145.312
34763 153.125
34766 151.562
34767 160.938
34771 156.25
34775 150
34787 146.875
34795 178.125
34798 168.75
34799 178.125
34802 165.625
34827 146.875
34831 146.875
34835 173.438
34848 150
34852 156.25
34859 173.438
34860 150
34863 156.25
34867 187.5
34876 156.25
34895 156.25
34900 150
34904 150
34908 148.438
34913 148.438
34916 154.688
34921 151.562
34924 148.438
34927 218.75
34928 151.562
34929 154.688
34931 212.5
34933 159.375
34935 171.875
34936 151.562
34937 160.938
34939 181.25
34940 151.562
34943 173.438
34946 700
34948 159.375
34949 162.5
34950 700
34951 146.875
34952 151.562
34953 168.75
34954 151.562
34955 154.688
34957 165.625
34959 150
34960 164.062
34963 173.438
34964 151.562
34965 153.125
34966 160.938
34967 181.25
34968 148.438
34970 175
34971 168.75
34972 153.125
34974 165.625
34975 171.875
34976 156.25
34977 154.688
34978 168.75
34979 178.125
34980 146.875
34981 146.875
34982 154.688
34983 162.5
34984 153.125
34985 165.625
34986 159.375
34987 175
34988 148.438
34990 151.562
34991 167.188
34992 148.438
34994 173.438
34995 159.375
34998 146.875
34999 162.5
35000 153.125
35001 157.812
35002 151.562
35003 157.812
35004 157.812
35005 171.875
35006 193.75
35007 165.625
35011 153.125
35015 151.562
35027 156.25
35031 156.25
35091 151.562
35099 146.875
35134 150
35138 162.5
35139 146.875
35142 146.875
35143 159.375
35147 153.125
35150 146.875
35151 168.75
35155 159.375
35158 145.312
35159 153.125
35162 150
35163 164.062
35166 151.562
35167 151.562
35170 151.562
35171 178.125
35174 148.438
35175 181.25
35178 146.875
35179 196.875
35182 178.125
35183 193.75
35184 168.75
35185 187.5
35190 151.562
35191 156.25
35194 193.75
35195 156.25
35198 148.438
35206 159.375
35242 150
35243 162.5
35246 150
35247 171.875
35251 150
35254 160.938
35303 156.25
35307 150
35310 146.875
35319 168.75
35322 160.938
35323 168.75
35327 153.125
35333 700
35383 146.875
35386 150
35390 151.562
35391 150
35403 146.875
35461 148.438
35462 184.375
35463 203.125
35464 146.875
35465 151.562
35466 187.5
35467 243.75
35468 151.562
35469 150
35471 231.25
35473 150
35474 168.75
35475 212.5
35478 193.75
35479 231.25
35482 203.125
35483 193.75
35486 200
35487 157.812
35488 175
35490 153.125
35491 218.75
35494 193.75
35495 196.875
35497 146.875
35498 196.875
35499 212.5
35500 173.438
35502 175
35503 200
35506 187.5
35507 171.875
35510 184.375
35511 193.75
35514 175
35515 184.375
35518 168.75
35519 203.125
35523 162.5
35524 150
35527 175
35530 145.312
35531 168.75
35534 146.875
35535 165.625
35539 160.938
35540 146.875
35543 178.125
35544 148.438
35547 175
35550 160.938
35551 178.125
35554 154.688
35555 168.75
35558 156.25
35559 181.25
35561 148.438
35563 178.125
35566 146.875
35567 190.625
35573 148.438
35574 156.25
35575 181.25
35577 146.875
35578 165.625
35579 151.562
35581 164.062
35582 154.688
35583 162.5
35730 151.562
35742 148.438
35755 325
35842 151.562
35843 168.75
35846 178.125
35847 178.125
35850 171.875
35851 184.375
35852 148.438
35853 146.875
35855 184.375
35858 165.625
35859 175
35862 157.812
35863 187.5
35866 156.25
35867 184.375
35868 171.875
35870 164.062
35871 190.625
35874 151.562
35875 181.25
35878 156.25
35879 175
35882 148.438
35887 153.125
35891 162.5
35894 148.438
35895 164.062
35898 151.562
35899 171.875
35902 146.875
35903 168.75
35907 162.5
35911 164.062
35915 162.5
35918 151.562
35922 146.875
35927 165.625
35931 168.75
35935 160.938
35943 181.25
35947 159.375
35950 162.5
35951 153.125
35952 151.562
35955 150
35959 157.812
35963 167.188
35966 146.875
35967 165.625
35978 146.875
36009 148.438
36139 156.25
36143 148.438
36146 154.688
36147 159.375
36150 146.875
36154 153.125
36155 157.812
36158 150
36159 156.25
36162 146.875
36163 159.375
36166 146.875
36167 167.188
36175 145.312
36179 181.25
36183 171.875
36195 165.625
36198 159.375
36199 175
36202 156.25
36203 159.375
36207 700
36211 154.688
36218 151.562
36219 154.688
36231 159.375
36235 153.125
36247 154.688
36251 162.5
36255 151.562
36259 150
36267 148.438
36268 162.5
36270 162.5
36271 150
36274 181.25
36275 150
36278 181.25
36279 146.875
36282 178.125
36283 157.812
36286 171.875
36287 150
36290 156.25
36291 175
36292 150
36293 146.875
36294 153.125
36295 171.875
36296 159.375
36298 151.562
36299 171.875
36300 156.25
36302 156.25
36303 145.312
36308 148.438
36310 156.25
36312 150
36314 159.375
36318 145.312
36322 151.562
36325 145.312
36326 151.562
36327 165.625
36329 146.875
36330 154.688
36331 184.375
36334 178.125
36335 165.625
36337 157.812
36338 175
36339 165.625
36340 146.875
36341 156.25
36342 206.25
36343 178.125
36344 154.688
36345 150
36346 165.625
36347 178.125
36348 151.562
36350 175
36351 165.625
36371 150
36374 162.5
36382 150
36383 148.438
36419 148.438
36427 168.75
36431 178.125
36435 146.875
36437 148.438
36439 151.562
36441 148.438
36451 151.562
36465 150
36467 150
36471 165.625
36475 181.25
36478 150
36492 145.312
36499 146.875
36506 154.688
36510 150
36511 151.562
36514 157.812
36515 168.75
36518 156.25
36520 160.938
36522 146.875
36523 156.25
36526 148.438
36527 157.812
36531 165.625
36534 168.75
36535 173.438
36536 151.562
36538 159.375
36539 146.875
36542 154.688
36555 150
36859 150
36867 150
36871 148.438
36874 150
36875 170.312
36879 168.75
36883 171.875
36886 146.875
36887 167.188
36891 184.375
36895 146.875
36899 159.375
36903 190.625
36906 153.125
36907 175
36910 153.125
36911 150
36914 159.375
36915 165.625
36919 154.688
36922 154.688
36923 168.75
36927 146.875
36930 162.5
36931 187.5
36933 146.875
36934 167.188
36935 184.375
36937 156.25
36939 162.5
36941 150
36947 150
36950 168.75
36957 146.875
36962 151.562
36963 178.125
36966 190.625
36967 146.875
36970 165.625
36974 153.125
36975 159.375
36977 146.875
36978 170.312
36979 159.375
36981 146.875
36982 156.25
36983 156.25
36985 700
36986 171.875
36987 167.188
36989 150
36991 187.5
37043 146.875
37091 162.5
37095 171.875
37099 164.062
37103 150
37107 168.75
37111 165.625
37115 171.875
37122 164.062
37123 165.625
37126 151.562
37127 193.75
37128 164.062
37131 146.875
37138 153.125
37139 156.25
37140 157.812
37142 148.438
37143 150
37144 159.375
37146 160.938
37147 156.25
37148 156.25
37150 157.812
37151 146.875
37152 156.25
37155 148.438
37156 156.25
37158 164.062
37159 153.125
37160 154.688
37162 159.375
37163 153.125
37164 156.25
37166 173.438
37167 153.125
37168 162.5
37170 165.625
37171 171.875
37172 165.625
37174 203.125
37175 178.125
37176 159.375
37178 212.5
37180 159.375
37182 206.25
37186 187.5
37187 156.25
37190 193.75
37194 150
37199 156.25
37202 146.875
37203 156.25
37207 150
37210 146.875
37211 148.438
37226 153.125
37238 164.062
37241 146.875
37242 148.438
37245 146.875
37249 151.562
37264 153.125
37268 148.438
37272 151.562
37276 146.875
37284 146.875
37297 153.125
37300 148.438
37304 146.875
37305 151.562
37308 150
37309 151.562
37391 170.312
37392 146.875
37394 165.625
37395 165.625
37396 178.125
37398 153.125
37399 159.375
37400 171.875
37402 156.25
37403 165.625
37404 154.688
37406 150
37407 151.562
37408 159.375
37410 157.812
37411 159.375
37414 153.125
37415 168.75
37416 156.25
37418 151.562
37419 150
37420 151.562
37423 151.562
37431 154.688
37432 162.5
37434 146.875
37435 159.375
37442 159.375
37443 175
37445 145.312
37446 171.875
37447 162.5
37449 148.438
37450 156.25
37453 146.875
37454 164.062
37455 146.875
37462 150
37466 157.812
37470 146.875
37471 164.062
37472 148.438
37474 173.438
37475 171.875
37476 175
37478 173.438
37479 171.875
37482 168.75
37483 171.875
37484 171.875
37486 193.75
37487 157.812
37490 178.125
37493 150
37494 184.375
37495 181.25
37496 153.125
37498 159.375
37499 206.25
37500 154.688
37501 146.875
37502 181.25
37503 193.75
37569 148.438
37572 146.875
37573 151.562
37577 146.875
37581 146.875
37589 148.438
37597 150
37617 151.562
37621 148.438
37625 146.875
37629 146.875
37631 151.562
37809 146.875
37824 146.875
37825 156.25
37826 154.688
37828 146.875
37829 145.312
37830 157.812
37831 148.438
37832 148.438
37833 153.125
37834 153.125
37836 148.438
37837 156.25
37838 160.938
37843 160.938
37844 148.438
37845 154.688
37846 154.688
37849 146.875
37851 165.625
37852 145.312
37853 150
37857 153.125
37859 171.875
37861 148.438
37863 178.125
37865 153.125
37866 164.062
37867 178.125
37868 184.375
37870 156.25
37871 178.125
37872 154.688
37873 156.25
37874 159.375
37875 181.25
37877 153.125
37879 153.125
37880 162.5
37881 157.812
37882 212.5
37883 206.25
37884 150
37885 156.25
37886 171.875
37887 165.625
37888 156.25
37891 165.625
37892 165.625
37894 157.812
37895 167.188
37896 165.625
37898 154.688
37899 181.25
37900 175
37903 193.75
37904 168.75
37906 200
37907 184.375
37908 167.188
37910 184.375
37911 200
37912 151.562
37914 175
37915 196.875
37916 150
37918 162.5
37919 187.5
37920 154.688
37921 156.25
37922 168.75
37923 171.875
37924 156.25
37925 146.875
37926 181.25
37927 206.25
37928 156.25
37929 146.875
37930 165.625
37931 206.25
37932 153.125
37934 153.125
37935 160.938
37936 154.688
37938 159.375
37939 164.062
37942 200
37943 212.5
37944 157.812
37945 170.312
37946 181.25
37947 193.75
37948 150
37950 168.75
37951 168.75
37953 171.875
37954 206.25
37955 212.5
37956 170.312
37957 200
37958 218.75
37959 225
37960 187.5
37961 156.25
37962 262.5
37963 287.5
37964 193.75
37965 187.5
37966 157.812
37967 148.438
37968 193.75
37969 203.125
37970 190.625
37971 225
37972 173.438
37973 175
37974 231.25
37975 243.75
37976 165.625
37977 190.625
37978 190.625
37979 237.5
37980 168.75
37981 171.875
37982 184.375
37984 167.188
37985 175
37986 181.25
37987 218.75
37988 153.125
37989 151.562
37990 184.375
37991 237.5
37992 164.062
37993 178.125
37994 206.25
37995 225
37996 165.625
37998 206.25
37999 203.125
38000 187.5
38001 184.375
38002 218.75
38003 212.5
38004 167.188
38005 178.125
38006 206.25
38007 262.5
38008 167.188
38009 178.125
38010 168.75
38011 212.5
38012 178.125
38013 184.375
38014 181.25
38016 164.062
38018 148.438
38020 165.625
38022 146.875
38023 175
38024 160.938
38025 159.375
38026 162.5
38027 159.375
38031 160.938
38034 159.375
38038 150
38039 150
38043 151.562
38046 173.438
38047 153.125
38048 153.125
38051 162.5
38055 154.688
38056 153.125
38058 151.562
38059 150
38060 146.875
38062 148.438
38063 148.438
38065 159.375
38067 153.125
38068 151.562
38071 159.375
38074 153.125
38075 157.812
38078 146.875
38079 154.688
38127 151.562
38131 156.25
38288 153.125
38294 151.562
38404 156.25
38405 146.875
38408 148.438
38411 148.438
38412 162.5
38415 153.125
38418 151.562
38419 148.438
38420 148.438
38421 165.625
38423 151.562
38424 162.5
38425 162.5
38427 154.688
38428 146.875
38429 157.812
38431 181.25
38435 187.5
38437 160.938
38446 150
38447 162.5
38450 153.125
38451 162.5
38454 154.688
38455 154.688
38459 154.688
38461 153.125
38462 150
38463 168.75
38464 157.812
38465 164.062
38466 170.312
38467 165.625
38468 154.688
38469 159.375
38470 171.875
38471 178.125
38472 157.812
38473 162.5
38474 179.688
38475 203.125
38476 151.562
38477 168.75
38478 187.5
38479 218.75
38480 156.25
38481 159.375
38482 200
38483 237.5
38484 150
38485 160.938
38486 190.625
38487 212.5
38488 156.25
38489 165.625
38490 200
38491 218.75
38493 159.375
38494 203.125
38495 200
38496 151.562
38497 153.125
38498 187.5
38499 193.75
38500 193.75
38501 157.812
38502 193.75
38503 200
38504 193.75
38505 156.25
38506 237.5
38507 262.5
38508 190.625
38513 218.75
38514 237.5
38515 250
38516 153.125
38517 156.25
38518 178.125
38519 237.5
38520 159.375
38521 164.062
38522 176.562
38523 162.5
38526 157.812
38527 159.375
38535 171.875
38537 150
38539 175
38543 167.188
38546 159.375
38547 162.5
38551 165.625
38554 151.562
38555 175
38559 167.188
38567 156.25
38571 164.062
38582 146.875
38594 148.438
38595 171.875
38597 148.438
38598 150
38599 165.625
38601 156.25
38603 181.25
38604 153.125
38605 150
38607 151.562
38610 146.875
38611 178.125
38615 178.125
38618 148.438
38619 171.875
38622 156.25
38623 168.75
38627 178.125
38630 150
38631 187.5
38635 165.625
38638 175
38639 181.25
38642 175
38643 157.812
38645 150
38646 178.125
38647 159.375
38648 148.438
38649 146.875
38650 151.562
38651 212.5
38655 178.125
38703 159.375
38711 156.25
38715 153.125
38727 154.688
38730 146.875
38731 159.375
38735 159.375
38738 146.875
38739 159.375
38771 146.875
38774 146.875
38779 153.125
38786 148.438
38787 146.875
38824 153.125
38841 156.25
38876 153.125
38890 160.938
38892 151.562
38894 168.75
38898 159.375
38903 146.875
38911 150
38914 146.875
38918 148.438
38919 146.875
38922 148.438
38927 146.875
38931 187.5
38935 150
38939 150
38947 146.875
38951 146.875
38966 178.125
38967 159.375
38970 145.312
38976 150
38978 178.125
38979 146.875
38982 165.625
38983 153.125
38986 148.438
38988 150
38990 146.875
38994 150
38995 156.25
39003 145.312
39030 146.875
39058 145.312
39088 146.875
39089 156.25
39092 151.562
39170 153.125
39175 151.562
39180 162.5
39183 170.312
39184 159.375
39186 162.5
39187 181.25
39188 153.125
39190 159.375
39191 175
39192 150
39194 165.625
39195 181.25
39196 154.688
39198 171.875
39199 173.438
39200 156.25
39202 168.75
39203 165.625
39204 153.125
39206 175
39207 165.625
39208 153.125
39210 156.25
39211 156.25
39212 153.125
39214 160.938
39215 218.75
39217 150
39219 225
39222 178.125
39223 225
39224 160.938
39225 154.688
39226 225
39227 250
39228 151.562
39230 225
39231 212.5
39234 212.5
39235 231.25
39237 150
39238 200
39239 206.25
39241 150
39242 203.125
39243 237.5
39244 150
39245 146.875
39246 200
39247 237.5
39250 156.25
39251 237.5
39254 181.25
39255 212.5
39258 190.625
39259 218.75
39260 159.375
39262 181.25
39263 193.75
39266 165.625
39267 184.375
39268 171.875
39270 175
39271 206.25
39272 165.625
39274 231.25
39275 193.75
39276 159.375
39278 212.5
39280 154.688
39281 165.625
39282 154.688
39283 181.25
39284 181.25
39286 162.5
39287 200
39291 206.25
39362 146.875
39363 190.625
39364 165.625
39366 190.625
39367 159.375
39368 150
39369 146.875
39370 165.625
39371 162.5
39374 157.812
39375 159.375
39378 178.125
39379 157.812
39380 168.75
39382 160.938
39383 154.688
39384 165.625
39386 159.375
39387 150
39388 156.25
39390 153.125
39392 157.812
39394 156.25
39396 151.562
39398 153.125
39400 153.125
39401 145.312
39402 150
39404 150
39408 153.125
39409 154.688
39412 156.25
39416 165.625
39422 159.375
39425 160.938
39426 146.875
39427 151.562
39428 153.125
39429 154.688
39430 148.438
39431 150
39432 159.375
39434 146.875
39435 150
39436 168.75
39439 159.375
39442 178.125
39443 190.625
39444 151.562
39446 225
39447 200
39448 159.375
39449 154.688
39450 171.875
39451 187.5
39453 154.688
39454 154.688
39455 170.312
39456 146.875
39458 162.5
39459 171.875
39460 153.125
39461 146.875
39462 162.5
39463 181.25
39464 151.562
39465 156.25
39466 165.625
39467 184.375
39468 146.875
39470 170.312
39471 173.438
39472 157.812
39473 148.438
39474 200
39475 171.875
39476 159.375
39477 153.125
39478 175
39479 164.062
39480 150
39481 159.375
39482 165.625
39483 171.875
39484 146.875
39485 150
39486 157.812
39487 171.875
39488 159.375
39489 156.25
39490 193.75
39491 181.25
39492 175
39493 165.625
39494 212.5
39495 196.875
39496 175
39497 165.625
39498 231.25
39499 206.25
39500 175
39501 171.875
39502 200
39503 200
39504 165.625
39505 167.188
39506 203.125
39507 212.5
39508 168.75
39509 164.062
39510 212.5
39511 200
39512 167.188
39513 154.688
39514 187.5
39515 193.75
39517 150
39518 165.625
39519 175
39521 146.875
39522 159.375
39523 156.25
39525 153.125
39526 162.5
39527 156.25
39528 148.438
39529 159.375
39530 171.875
39531 168.75
39534 167.188
39535 168.75
39536 150
39537 151.562
39538 164.062
39539 171.875
39540 146.875
39541 146.875
39542 184.375
39543 167.188
39544 148.438
39545 151.562
39546 187.5
39547 167.188
39549 148.438
39550 165.625
39551 146.875
39681 162.5
39682 168.75
39683 148.438
39685 146.875
39690 148.438
39692 175
39696 171.875
39700 156.25
39701 178.125
39702 159.375
39703 154.688
39704 171.875
39705 153.125
39706 175
39708 156.25
39710 168.75
39712 164.062
39714 165.625
39716 154.688
39720 153.125
39722 146.875
39724 153.125
39726 159.375
39727 146.875
39728 162.5
39729 162.5
39730 151.562
39732 162.5
39733 162.5
39736 162.5
39740 159.375
39741 162.5
39786 146.875
39788 146.875
39808 150
39809 156.25
39811 150
39812 160.938
39813 165.625
39815 175
39816 196.875
39817 164.062
39818 237.5
39824 168.75
39825 153.125
39826 151.562
39828 181.25
39831 165.625
39832 156.25
39834 171.875
39836 148.438
39838 162.5
39842 165.625
39844 146.875
39845 151.562
39846 165.625
39847 153.125
39848 151.562
39849 153.125
39850 165.625
39852 146.875
39854 159.375
39856 146.875
39857 148.438
39860 156.25
39861 151.562
39864 162.5
39865 156.25
39868 157.812
39869 153.125
39873 159.375
39876 162.5
39880 146.875
39883 148.438
39886 146.875
39887 159.375
39890 148.438
39891 151.562
39892 162.5
39896 162.5
39900 151.562
39903 162.5
39904 150
39905 153.125
39906 154.688
39907 148.438
39908 154.688
39911 146.875
39913 148.438
39915 146.875
39916 146.875
39924 153.125
39928 150
39931 150
39932 153.125
39935 150
39936 153.125
39937 151.562
39940 146.875
39941 156.25
39944 151.562
39945 156.25
39946 178.125
39948 154.688
39949 157.812
39952 153.125
39953 153.125
39954 178.125
39956 178.125
39957 150
39958 151.562
39959 146.875
39960 187.5
39961 148.438
39962 148.438
39963 150
39964 175
39965 153.125
39966 146.875
39968 184.375
39969 151.562
39972 181.25
39973 153.125
39974 146.875
39976 173.438
39977 153.125
39978 178.125
39980 178.125
39982 165.625
39983 146.875
39984 187.5
39985 156.25
39986 170.312
39987 168.75
39988 175
39989 154.688
39990 160.938
39991 146.875
39992 148.438
39993 146.875
39994 165.625
39995 159.375
39996 181.25
39997 154.688
40011 156.25
40051 154.688
40063 178.125
40105 146.875
40193 146.875
40195 165.625
40198 181.25
40199 159.375
40200 148.438
40202 175
40203 176.562
40204 150
40205 150
40207 150
40208 157.812
40209 148.438
40210 196.875
40211 165.625
40212 175
40214 187.5
40215 171.875
40216 176.562
40218 162.5
40219 170.312
40222 157.812
40223 181.25
40224 175
40226 156.25
40227 200
40228 175
40230 148.438
40231 162.5
40232 162.5
40233 146.875
40234 171.875
40235 178.125
40236 164.062
40238 167.188
40239 181.25
40240 164.062
40242 165.625
40243 165.625
40245 153.125
40246 162.5
40247 168.75
40250 165.625
40251 150
40254 157.812
40255 160.938
40258 160.938
40259 175
40261 146.875
40262 165.625
40263 181.25
40266 175
40267 218.75
40270 175
40271 181.25
40274 181.25
40275 181.25
40278 162.5
40279 187.5
40282 165.625
40283 193.75
40286 168.75
40287 178.125
40290 164.062
40291 165.625
40292 156.25
40294 178.125
40295 181.25
40298 159.375
40299 225
40302 181.25
40303 237.5
40306 203.125
40307 237.5
40310 181.25
40311 179.688
40314 181.25
40315 200
40316 148.438
40318 175
40319 243.75
40330 150
40553 148.438
40612 148.438
40618 151.562
40638 148.438
40642 154.688
40646 156.25
40650 151.562
40682 146.875
40684 151.562
40689 157.812
40722 146.875
40817 148.438
40832 165.625
40833 157.812
40834 146.875
40836 159.375
40837 157.812
40838 150
40840 153.125
40841 157.812
40842 178.125
40844 162.5
40845 159.375
40848 157.812
40849 165.625
40850 187.5
40852 160.938
40853 159.375
40854 175
40856 154.688
40857 160.938
40858 187.5
40860 150
40861 153.125
40862 157.812
40864 162.5
40865 164.062
40866 156.25
40868 196.875
40869 165.625
40870 150
40872 159.375
40873 162.5
40876 148.438
40879 162.5
40880 148.438
40881 162.5
40884 153.125
40885 159.375
40888 151.562
40889 159.375
40892 156.25
40893 154.688
40917 145.312
40922 146.875
40926 156.25
40930 153.125
40934 157.812
40937 148.438
40938 145.312
40940 153.125
40944 162.5
40950 153.125
40951 150
40954 156.25
40959 150
40961 146.875
40963 148.438
40965 148.438
40966 154.688
40967 151.562
40978 148.438
41001 146.875
41002 156.25
41006 156.25
41007 150
41009 153.125
41010 167.188
41011 150
41014 154.688
41015 148.438
41035 146.875
41043 156.25
41045 150
41047 150
41073 146.875
41137 148.438
41141 157.812
41199 151.562
41201 146.875
41234 154.688
41265 150
41329 145.312
41350 156.25
41354 156.25
41393 153.125
41457 151.562
41459 146.875
41460 150
41471 156.25
41473 159.375
41475 700
41477 700
41479 218.75
41480 159.375
41481 156.25
41482 162.5
41483 187.5
41484 150
41485 150
41487 206.25
41488 148.438
41489 148.438
41490 181.25
41491 237.5
41492 146.875
41494 181.25
41495 212.5
41496 145.312
41498 184.375
41499 212.5
41502 184.375
41503 206.25
41506 148.438
41507 196.875
41509 150
41510 148.438
41511 212.5
41512 165.625
41514 171.875
41515 200
41518 168.75
41519 187.5
41521 153.125
41522 165.625
41523 178.125
41525 150
41526 178.125
41527 184.375
41529 146.875
41530 171.875
41531 184.375
41533 146.875
41534 162.5
41535 175
41538 168.75
41539 181.25
41541 146.875
41542 168.75
41543 171.875
41546 173.438
41547 187.5
41548 153.125
41549 148.438
41550 178.125
41551 187.5
41553 148.438
41554 193.75
41555 181.25
41556 151.562
41557 151.562
41558 175
41559 175
41561 150
41562 165.625
41563 181.25
41566 162.5
41567 165.625
41570 165.625
41571 156.25
41572 153.125
41574 162.5
41575 159.375
41578 153.125
41579 154.688
41583 146.875
41587 151.562
41591 164.062
41600 156.25
41601 700
41602 154.688
41603 196.875
41604 146.875
41605 148.438
41607 206.25
41608 151.562
41609 159.375
41611 171.875
41612 151.562
41613 151.562
41615 200
41618 187.5
41619 196.875
41621 146.875
41622 184.375
41623 159.375
41625 150
41626 154.688
41627 154.688
41630 146.875
41631 146.875
41637 148.438
41641 145.312
41643 146.875
41647 146.875
41648 160.938
41649 159.375
41650 159.375
41652 146.875
41653 151.562
41654 157.812
41655 171.875
41657 150
41658 162.5
41659 178.125
41660 146.875
41661 146.875
41662 165.625
41663 178.125
41666 159.375
41667 206.25
41670 159.375
41671 181.25
41672 146.875
41673 151.562
41674 170.312
41675 196.875
41676 146.875
41677 150
41678 184.375
41679 212.5
41681 151.562
41682 156.25
41683 190.625
41685 148.438
41686 175
41687 237.5
41689 150
41690 175
41691 184.375
41692 150
41693 153.125
41694 179.688
41695 212.5
41696 159.375
41697 148.438
41698 165.625
41701 145.312
41702 160.938
41703 203.125
41704 178.125
41705 151.562
41706 171.875
41707 206.25
41708 162.5
41710 175
41711 218.75
41714 156.25
41715 212.5
41717 148.438
41718 168.75
41719 218.75
41720 148.438
41721 148.438
41722 175
41723 181.25
41728 157.812
41729 150
41730 159.375
41731 206.25
41732 151.562
41733 148.438
41734 184.375
41735 231.25
41736 154.688
41737 165.625
41738 148.438
41739 225
41740 159.375
41741 150
41743 212.5
41744 153.125
41745 150
41747 212.5
41748 146.875
41749 150
41750 187.5
41751 206.25
41754 156.25
41755 162.5
41758 153.125
41759 181.25
41761 150
41762 156.25
41763 184.375
41765 156.25
41767 181.25
41771 187.5
41774 165.625
41775 173.438
41777 168.75
41778 160.938
41779 190.625
41780 148.438
41781 153.125
41782 162.5
41783 187.5
41784 146.875
41786 165.625
41787 181.25
41789 146.875
41799 153.125
41841 153.125
41850 146.875
41851 145.312
41857 153.125
41861 151.562
41871 153.125
41872 148.438
41874 151.562
41905 150
41915 146.875
41917 146.875
41920 146.875
41921 148.438
41923 150
41925 150
41929 151.562
41938 146.875
41939 156.25
41941 154.688
41943 146.875
41945 153.125
41949 146.875
41951 150
41953 148.438
41954 146.875
41955 184.375
41957 151.562
41958 151.562
41959 151.562
41961 153.125
41962 171.875
41963 171.875
41966 175
41967 178.125
41969 164.062
41970 181.25
41971 203.125
41973 159.375
41974 200
41975 243.75
41976 153.125
41977 159.375
41978 162.5
41979 237.5
41981 150
41984 167.188
41986 153.125
41987 171.875
41988 153.125
41989 156.25
41990 148.438
41991 159.375
41992 156.25
41993 146.875
41994 151.562
41995 156.25
41996 157.812
41999 160.938
42000 150
42001 162.5
42002 168.75
42003 162.5
42004 146.875
42005 171.875
42006 159.375
42007 196.875
42008 156.25
42009 156.25
42010 164.062
42011 167.188
42012 156.25
42013 153.125
42014 165.625
42015 162.5
42016 150
42017 156.25
42018 154.688
42019 157.812
42020 146.875
42021 151.562
42022 159.375
42023 157.812
42024 146.875
42025 159.375
42026 150
42027 159.375
42028 146.875
42030 146.875
42031 148.438
42032 146.875
42033 156.25
42034 151.562
42035 150
42036 146.875
42037 154.688
42048 164.062
42049 157.812
42050 165.625
42051 190.625
42052 170.312
42053 164.062
42054 178.125
42055 200
42056 209.375
42057 181.25
42058 184.375
42059 187.5
42060 178.125
42061 187.5
42062 193.75
42063 181.25
42064 203.125
42065 171.875
42066 187.5
42067 200
42068 212.5
42069 178.125
42070 203.125
42071 212.5
42072 225
42073 178.125
42074 212.5
42075 218.75
42076 206.25
42077 159.375
42078 206.25
42079 209.375
42080 200
42081 162.5
42082 184.375
42083 190.625
42084 212.5
42085 165.625
42086 190.625
42087 196.875
42088 209.375
42089 168.75
42090 196.875
42091 212.5
42092 209.375
42094 190.625
42095 212.5
42096 212.5
42097 162.5
42098 178.125
42099 203.125
42101 165.625
42102 181.25
42103 190.625
42104 218.75
42105 171.875
42106 196.875
42107 200
42108 225
42110 187.5
42111 200
42112 193.75
42114 171.875
42115 231.25
42116 193.75
42117 190.625
42118 237.5
42119 225
42120 218.75
42121 212.5
42122 275
42123 237.5
42124 209.375
42125 200
42127 250
42128 206.25
42129 206.25
42130 225
42131 250
42132 193.75
42133 206.25
42134 275
42135 275
42136 206.25
42137 206.25
42138 237.5
42139 275
42140 206.25
42141 206.25
42142 212.5
42143 218.75
42144 193.75
42145 206.25
42146 225
42147 275
42148 181.25
42149 200
42150 212.5
42151 168.75
42152 184.375
42153 206.25
42154 225
42155 153.125
42156 243.75
42157 164.062
42158 218.75
42160 181.25
42161 184.375
42162 250
42163 218.75
42164 203.125
42165 193.75
42166 237.5
42167 231.25
42168 184.375
42169 193.75
42170 225
42171 187.5
42172 187.5
42173 178.125
42174 200
42175 237.5
42176 160.938
42177 156.25
42178 168.75
42179 171.875
42180 154.688
42181 159.375
42182 193.75
42183 181.25
42184 150
42185 159.375
42186 178.125
42187 178.125
42188 156.25
42189 162.5
42190 157.812
42192 151.562
42193 156.25
42194 165.625
42195 187.5
42196 150
42197 157.812
42198 159.375
42199 190.625
42200 151.562
42201 156.25
42202 160.938
42203 200
42204 148.438
42205 150
42206 162.5
42207 187.5
42208 148.438
42209 151.562
42210 165.625
42211 200
42212 160.938
42213 178.125
42214 181.25
42215 225
42216 175
42217 175
42218 184.375
42219 200
42220 165.625
42222 193.75
42225 159.375
42226 184.375
42227 200
42228 171.875
42229 162.5
42230 237.5
42231 178.125
42232 178.125
42233 175
42234 206.25
42235 250
42236 175
42237 173.438
42238 206.25
42239 262.5
42241 146.875
42243 700
42249 148.438
42251 153.125
42258 145.312
42287 146.875
42289 146.875
42291 146.875
42294 150
42295 151.562
42298 153.125
42302 156.25
42303 165.625
42306 171.875
42307 700
42310 165.625
42311 159.375
42314 181.25
42315 148.438
42318 168.75
42322 150
42327 146.875
42331 165.625
42335 157.812
42339 148.438
42353 145.312
42370 154.688
42371 165.625
42372 156.25
42373 154.688
42374 153.125
42375 165.625
42379 175
42383 162.5
42386 156.25
42387 157.812
42391 160.938
42399 150
42407 156.25
42410 154.688
42411 153.125
42414 153.125
42415 153.125
42417 153.125
42418 156.25
42419 187.5
42422 151.562
42423 159.375
42430 150
42431 157.812
42432 153.125
42433 156.25
42434 165.625
42435 165.625
42436 148.438
42437 150
42438 162.5
42439 168.75
42440 148.438
42441 151.562
42442 171.875
42443 171.875
42445 148.438
42446 175
42447 178.125
42448 146.875
42450 173.438
42451 175
42453 146.875
42454 178.125
42455 168.75
42457 150
42458 171.875
42459 173.438
42462 162.5
42463 157.812
42464 173.438
42466 171.875
42467 171.875
42468 175
42469 148.438
42470 178.125
42471 212.5
42472 168.75
42473 153.125
42474 206.25
42475 218.75
42476 171.875
42478 187.5
42479 178.125
42480 164.062
42481 153.125
42482 156.25
42483 193.75
42484 150
42485 148.438
42486 165.625
42487 178.125
42488 151.562
42489 150
42490 187.5
42491 181.25
42494 151.562
42495 148.438
42496 150
42497 153.125
42498 151.562
42499 157.812
42500 146.875
42503 153.125
42504 150
42506 153.125
42507 160.938
42508 146.875
42509 148.438
42511 171.875
42512 146.875
42513 148.438
42514 157.812
42515 153.125
42516 146.875
42519 148.438
42523 154.688
42527 148.438
42529 146.875
42542 150
42546 150
42547 150
42550 150
42551 146.875
42554 148.438
42555 151.562
42558 148.438
42559 148.438
42572 150
42578 146.875
42582 156.25
42585 148.438
42601 148.438
42602 150
42606 146.875
42609 153.125
42614 146.875
42618 153.125
42624 178.125
42626 175
42627 150
42628 171.875
42629 203.125
42630 165.625
42631 150
42632 175
42633 154.688
42634 154.688
42636 178.125
42637 193.75
42641 181.25
42642 193.75
42644 178.125
42645 184.375
42646 171.875
42648 168.75
42649 187.5
42650 187.5
42651 148.438
42652 165.625
42653 178.125
42654 171.875
42656 165.625
42657 175
42658 175
42659 145.312
42660 160.938
42661 171.875
42662 187.5
42663 168.75
42664 165.625
42665 187.5
42666 175
42667 165.625
42668 159.375
42670 206.25
42671 159.375
42672 162.5
42673 178.125
42674 170.312
42675 162.5
42677 175
42678 165.625
42679 700
42680 171.875
42681 184.375
42682 200
42683 700
42684 159.375
42685 168.75
42686 206.25
42687 165.625
42688 157.812
42690 153.125
42692 146.875
42693 157.812
42694 151.562
42697 146.875
42698 154.688
42704 162.5
42708 159.375
42710 146.875
42712 157.812
42716 150
42720 150
42721 153.125
42722 153.125
42724 145.312
42725 159.375
42726 151.562
42734 157.812
42736 154.688
42737 168.75
42738 146.875
42741 168.75
42742 153.125
42744 159.375
42745 159.375
42746 156.25
42748 153.125
42752 150
42754 175
42762 164.062
42763 146.875
42767 148.438
42769 145.312
42774 150
42776 153.125
42778 164.062
42780 159.375
42783 160.938
42784 157.812
42787 162.5
42788 156.25
42790 168.75
42791 175
42792 159.375
42793 148.438
42794 168.75
42795 178.125
42796 156.25
42798 167.188
42799 165.625
42800 164.062
42801 167.188
42802 178.125
42803 165.625
42804 167.188
42806 175
42807 168.75
42808 168.75
42809 171.875
42810 165.625
42811 173.438
42812 162.5
42813 170.312
42814 168.75
42815 168.75
42816 164.062
42817 160.938
42818 160.938
42819 178.125
42820 168.75
42821 175
42822 160.938
42823 184.375
42824 173.438
42825 187.5
42826 171.875
42827 200
42828 200
42829 157.812
42830 190.625
42831 212.5
42832 190.625
42833 146.875
42834 193.75
42835 212.5
42836 184.375
42837 145.312
42838 206.25
42839 203.125
42840 175
42841 178.125
42842 184.375
42843 225
42844 181.25
42845 154.688
42846 190.625
42847 218.75
42848 165.625
42849 167.188
42850 184.375
42851 193.75
42852 162.5
42853 164.062
42854 187.5
42855 193.75
42856 178.125
42857 175
42858 212.5
42859 218.75
42860 153.125
42862 193.75
42863 212.5
42864 168.75
42865 170.312
42866 200
42867 225
42868 175
42869 170.312
42870 218.75
42871 700
42872 173.438
42873 181.25
42874 237.5
42876 181.25
42877 175
42878 175
42880 150
42881 146.875
42882 178.125
42883 150
42884 187.5
42885 151.562
42886 171.875
42888 165.625
42889 162.5
42890 173.438
42891 145.312
42893 153.125
42896 193.75
42897 159.375
42898 175
42900 175
42902 151.562
42903 159.375
42904 193.75
42905 159.375
42906 168.75
42907 175
42908 193.75
42909 154.688
42910 153.125
42911 165.625
42912 178.125
42914 154.688
42915 159.375
42916 178.125
42917 175
42918 146.875
42919 156.25
42920 168.75
42921 178.125
42922 187.5
42923 156.25
42924 167.188
42926 178.125
42927 151.562
42928 176.562
42929 181.25
42930 146.875
42931 150
42932 181.25
42933 175
42934 175
42935 153.125
42936 178.125
42937 178.125
42938 187.5
42939 157.812
42940 178.125
42941 171.875
42942 160.938
42943 165.625
42945 154.688
42946 156.25
42947 160.938
42948 162.5
42949 167.188
42950 160.938
42951 171.875
42952 178.125
42953 175
42954 171.875
42955 184.375
42956 184.375
42957 178.125
42958 175
42959 159.375
42960 181.25
42961 171.875
42962 187.5
42963 181.25
42964 225
42965 178.125
42966 178.125
42967 178.125
42968 231.25
42969 168.75
42970 171.875
42971 160.938
42972 225
42973 167.188
42974 168.75
42976 193.75
42977 156.25
42978 154.688
42980 196.875
42981 178.125
42982 159.375
42983 154.688
42984 190.625
42985 209.375
42986 148.438
42987 165.625
42988 206.25
42990 156.25
42993 218.75
42995 157.812
42996 162.5
42997 200
42998 154.688
42999 146.875
43000 162.5
43001 165.625
43002 168.75
43003 159.375
43004 162.5
43005 159.375
43006 181.25
43015 148.438
43031 150
43035 150
43049 146.875
43051 146.875
43072 151.562
43074 184.375
43075 168.75
43076 181.25
43077 156.25
43078 153.125
43079 179.688
43080 153.125
43082 175
43083 178.125
43084 154.688
43088 150
43090 159.375
43091 171.875
43092 154.688
43094 165.625
43095 218.75
43102 168.75
43104 154.688
43105 150
43106 156.25
43107 200
43108 168.75
43110 157.812
43112 148.438
43114 171.875
43116 146.875
43118 157.812
43122 181.25
43124 146.875
43125 154.688
43126 165.625
43129 700
43130 162.5
43132 146.875
43133 151.562
43134 171.875
43185 151.562
43189 171.875
43193 148.438
43197 700
43201 151.562
43257 168.75
43264 159.375
43265 159.375
43266 171.875
43267 237.5
43268 156.25
43270 170.312
43271 206.25
43272 150
43273 153.125
43274 162.5
43275 200
43276 154.688
43277 156.25
43279 181.25
43282 193.75
43283 193.75
43286 184.375
43287 203.125
43290 176.562
43291 175
43293 146.875
43294 196.875
43295 171.875
43298 190.625
43299 171.875
43301 148.438
43302 173.438
43303 193.75
43304 159.375
43305 150
43306 187.5
43307 178.125
43308 146.875
43310 200
43311 165.625
43313 153.125
43314 206.25
43315 168.75
43316 146.875
43317 150
43318 184.375
43319 175
43320 159.375
43321 153.125
43322 178.125
43324 153.125
43326 178.125
43327 165.625
43328 150
43329 146.875
43330 200
43331 212.5
43333 146.875
43334 162.5
43335 225
43337 148.438
43338 184.375
43339 178.125
43340 153.125
43341 151.562
43342 200
43343 218.75
43344 146.875
43345 153.125
43346 175
43347 218.75
43348 146.875
43349 148.438
43350 184.375
43351 200
43354 178.125
43355 196.875
43359 181.25
43362 157.812
43363 184.375
43366 193.75
43367 181.25
43368 157.812
43370 164.062
43371 181.25
43372 146.875
43374 157.812
43375 187.5
43378 160.938
43379 218.75
43382 168.75
43383 193.75
43386 151.562
43387 196.875
43392 156.25
43393 148.438
43394 159.375
43399 154.688
43407 146.875
43411 151.562
43415 151.562
43419 153.125
43423 150
43427 150
43428 250
43430 146.875
43431 146.875
43435 146.875
43505 148.438
43520 165.625
43521 168.75
43524 200
43525 168.75
43528 178.125
43529 181.25
43532 187.5
43533 181.25
43535 225
43536 175
43537 175
43538 212.5
43539 237.5
43540 200
43541 175
43542 179.688
43543 231.25
43544 200
43545 157.812
43546 187.5
43547 209.375
43548 187.5
43549 153.125
43550 178.125
43551 206.25
43552 200
43553 165.625
43554 200
43555 218.75
43556 200
43557 165.625
43558 196.875
43559 218.75
43560 193.75
43562 218.75
43563 237.5
43564 181.25
43566 200
43567 600
43568 187.5
43569 193.75
43570 206.25
43572 184.375
43573 167.188
43574 200
43575 225
43576 184.375
43577 168.75
43578 200
43579 600
43580 157.812
43581 159.375
43582 225
43583 250
43584 171.875
43585 153.125
43586 212.5
43587 250
43588 171.875
43589 178.125
43590 250
43591 600
43592 170.312
43593 184.375
43594 212.5
43595 237.5
43596 162.5
43597 157.812
43598 225
43599 237.5
43600 171.875
43601 162.5
43602 212.5
43603 243.75
43604 168.75
43605 184.375
43606 178.125
43607 250
43608 168.75
43609 151.562
43610 193.75
43611 231.25
43612 167.188
43613 170.312
43614 193.75
43615 231.25
43616 162.5
43617 171.875
43618 225
43619 231.25
43620 168.75
43621 176.562
43622 237.5
43623 218.75
43624 164.062
43625 146.875
43626 218.75
43627 218.75
43628 184.375
43630 218.75
43632 148.438
43633 162.5
43634 225
43635 250
43636 159.375
43637 151.562
43638 225
43639 218.75
43640 162.5
43641 146.875
43642 190.625
43643 181.25
43648 164.062
43649 156.25
43652 153.125
43655 187.5
43656 145.312
43659 187.5
43663 193.75
43666 171.875
43667 184.375
43668 153.125
43670 187.5
43671 181.25
43672 151.562
43674 170.312
43675 187.5
43676 148.438
43678 171.875
43679 200
43680 148.438
43682 175
43683 206.25
43684 148.438
43686 156.25
43687 193.75
43688 146.875
43690 218.75
43691 218.75
43692 146.875
43694 212.5
43695 237.5
43697 148.438
43698 231.25
43699 212.5
43700 153.125
43702 225
43703 218.75
43704 153.125
43706 225
43707 237.5
43708 153.125
43710 225
43711 250
43713 150
43714 225
43715 275
43716 150
43717 157.812
43718 237.5
43720 156.25
43722 237.5
43723 287.5
43724 148.438
43726 250
43727 262.5
43728 156.25
43729 162.5
43730 212.5
43731 250
43732 156.25
43733 154.688
43734 196.875
43735 231.25
43736 153.125
43738 187.5
43739 262.5
43740 150
43742 184.375
43743 262.5
43744 150
43746 178.125
43747 225
43748 150
43750 212.5
43751 200
43753 153.125
43754 200
43755 167.188
43756 168.75
43758 190.625
43761 156.25
43762 187.5
43763 262.5
43764 154.688
43766 190.625
43767 212.5
43771 162.5
43785 154.688
43825 160.938
43835 146.875
43881 146.875
43911 151.562
43914 151.562
43915 145.312
43922 148.438
43946 153.125
43948 148.438
43950 168.75
43951 146.875
43954 170.312
43955 157.812
43962 167.188
43968 148.438
43969 146.875
43970 187.5
43971 206.25
43972 148.438
43973 150
43974 184.375
43975 181.25
43976 154.688
43977 154.688
43978 196.875
43979 203.125
43980 151.562
43982 168.75
43983 175
43986 170.312
43987 156.25
43988 148.438
43990 159.375
43991 154.688
43992 151.562
43994 164.062
43995 146.875
43997 148.438
43998 165.625
43999 148.438
44002 150
44006 153.125
44008 159.375
44010 151.562
44012 153.125
44014 146.875
44018 151.562
44023 153.125
44024 150
44025 146.875
44027 156.25
44029 154.688
44030 148.438
44031 167.188
44090 145.312
44091 146.875
44099 148.438
44103 157.812
44114 153.125
44115 173.438
44118 145.312
44119 190.625
44122 150
44123 187.5
44130 146.875
44134 146.875
44135 157.812
44137 146.875
44138 151.562
44139 146.875
44142 146.875
44147 156.25
44154 151.562
44155 150
44170 146.875
44171 159.375
44179 168.75
44183 168.75
44191 156.25
44195 162.5
44240 146.875
44244 153.125
44246 145.312
44248 154.688
44250 148.438
44251 162.5
44252 150
44254 146.875
44255 168.75
44256 148.438
44258 148.438
44259 146.875
44263 151.562
44264 150
44266 159.375
44267 151.562
44270 151.562
44272 146.875
44274 150
44275 150
44276 151.562
44279 160.938
44280 154.688
44282 146.875
44283 153.125
44284 153.125
44286 150
44298 148.438
44299 159.375
44303 165.625
44307 156.25
44310 153.125
44311 162.5
44315 156.25
44319 151.562
44323 151.562
44327 153.125
44331 154.688
44335 150
44342 150
44346 153.125
44347 151.562
44350 151.562
44351 146.875
44354 160.938
44355 165.625
44358 160.938
44359 181.25
44362 153.125
44363 193.75
44366 150
44367 165.625
44371 159.375
44374 150
44375 196.875
44378 162.5
44379 212.5
44382 162.5
44383 196.875
44386 154.688
44387 193.75
44390 153.125
44391 178.125
44394 160.938
44395 178.125
44398 162.5
44399 212.5
44402 164.062
44403 203.125
44406 170.312
44407 193.75
44410 168.75
44427 159.375
44431 153.125
44435 153.125
44455 162.5
44457 151.562
44459 157.812
44463 148.438
44467 159.375
44469 146.875
44470 146.875
44471 150
44475 156.25
44479 160.938
44482 148.438
44483 206.25
44484 150
44486 150
44487 193.75
44491 171.875
44495 184.375
44499 175
44500 151.562
44503 164.062
44507 175
44511 175
44512 146.875
44515 165.625
44518 146.875
44519 159.375
44520 156.25
44522 164.062
44523 162.5
44524 159.375
44525 150
44526 153.125
44529 159.375
44530 162.5
44533 151.562
44535 200
44536 145.312
44538 150
44539 193.75
44541 146.875
44542 159.375
44662 148.438
44678 159.375
44680 175
44681 154.688
44682 203.125
44683 250
44684 168.75
44685 181.25
44687 218.75
44688 162.5
44689 165.625
44690 212.5
44691 262.5
44692 196.875
44693 159.375
44694 200
44695 206.25
44696 168.75
44697 160.938
44698 237.5
44699 218.75
44700 165.625
44701 159.375
44702 212.5
44703 237.5
44704 212.5
44705 151.562
44706 237.5
44707 250
44708 193.75
44709 159.375
44710 231.25
44711 275
44712 193.75
44713 165.625
44714 250
44715 275
44716 190.625
44718 262.5
44719 262.5
44720 178.125
44721 146.875
44722 262.5
44723 275
44724 168.75
44725 184.375
44726 178.125
44727 275
44728 184.375
44729 184.375
44730 275
44731 250
44732 157.812
44733 146.875
44734 250
44735 250
44738 193.75
44739 203.125
44742 184.375
44743 184.375
44744 146.875
44746 200
44747 193.75
44748 150
44750 190.625
44751 193.75
44754 159.375
44755 200
44756 150
44758 162.5
44759 178.125
44762 164.062
44763 184.375
44766 160.938
44767 187.5
44770 157.812
44771 200
44774 175
44775 178.125
44777 153.125
44778 181.25
44779 171.875
44782 178.125
44783 175
44786 154.688
44787 171.875
44789 150
44790 165.625
44791 184.375
44793 146.875
44794 165.625
44795 181.25
44797 153.125
44798 160.938
44799 175
44818 148.438
44826 146.875
44831 151.562
44835 148.438
44839 146.875
44841 151.562
44862 148.438
44871 168.75
44874 150
44891 146.875
44894 146.875
44905 148.438
44906 150
44907 151.562
44911 148.438
44915 148.438
44918 150
44919 148.438
44921 146.875
44922 148.438
44926 151.562
44938 146.875
44939 145.312
44947 146.875
44974 146.875
45050 148.438
45051 151.562
45052 145.312
45054 206.25
45058 146.875
45059 187.5
45062 153.125
45063 187.5
45066 165.625
45067 193.75
45071 181.25
45074 151.562
45075 159.375
45079 150
45083 165.625
45087 154.688
45090 148.438
45091 150
45094 146.875
45097 157.812
45099 145.312
45103 145.312
45118 148.438
45122 148.438
45123 146.875
45127 146.875
45139 148.438
45161 150
45187 181.25
45190 146.875
45191 243.75
45195 231.25
45199 187.5
45202 167.188
45203 193.75
45206 159.375
45207 200
45211 193.75
45214 153.125
45219 196.875
45239 275
45247 162.5
45251 193.75
45255 193.75
45256 146.875
45259 206.25
45263 181.25
45267 212.5
45270 160.938
45271 196.875
45274 162.5
45275 200
45278 156.25
45279 200
45282 159.375
45283 212.5
45286 153.125
45287 200
45290 146.875
45291 193.75
45294 156.25
45298 162.5
45299 168.75
45302 146.875
45303 184.375
45306 157.812
45307 200
45310 153.125
45311 184.375
45322 160.938
45359 146.875
45450 150
45451 146.875
45455 160.938
45459 154.688
45463 153.125
45467 148.438
45471 150
45475 153.125
45479 156.25
45481 146.875
45483 156.25
45487 168.75
45491 148.438
45499 146.875
45506 151.562
45507 157.812
45510 145.312
45511 146.875
45515 156.25
45519 148.438
45531 145.312
45542 150
45543 153.125
45546 148.438
45547 146.875
45550 157.812
45551 156.25
45554 187.5
45555 164.062
45558 178.125
45559 154.688
45562 159.375
45563 159.375
45567 154.688
45578 148.438
45678 148.438
45706 145.312
45807 159.375
45824 151.562
45827 154.688
45828 146.875
45832 150
45834 151.562
45835 151.562
45846 151.562
45847 154.688
45850 150
45853 148.438
45855 151.562
45863 148.438
45865 146.875
45866 153.125
45867 151.562
45871 165.625
45874 146.875
45875 178.125
45877 153.125
45878 157.812
45879 159.375
45881 150
45882 150
45883 167.188
45886 146.875
45887 168.75
45891 162.5
45894 160.938
45895 159.375
45899 150
45939 146.875
45952 167.188
45953 164.062
45954 160.938
45956 168.75
45957 171.875
45958 206.25
45959 237.5
45960 165.625
45961 175
45962 178.125
45963 206.25
45964 153.125
45965 156.25
45968 187.5
45974 225
45975 250
45976 171.875
45977 170.312
45978 225
45979 225
45980 162.5
45981 164.062
45982 225
45983 218.75
45984 167.188
45985 160.938
45986 206.25
45987 218.75
45988 193.75
45989 146.875
45990 212.5
45991 250
45992 181.25
45993 150
45994 193.75
45995 212.5
45996 171.875
45998 181.25
45999 250
46000 154.688
46001 159.375
46002 237.5
46003 250
46004 165.625
46005 162.5
46006 225
46007 275
46008 156.25
46009 181.25
46010 225
46011 243.75
46012 162.5
46013 157.812
46014 212.5
46015 225
46018 171.875
46019 178.125
46022 181.25
46023 193.75
46026 187.5
46027 190.625
46030 150
46031 162.5
46034 150
46035 175
46036 148.438
46038 151.562
46039 178.125
46042 156.25
46043 190.625
46044 156.25
46046 150
46047 170.312
46050 156.25
46051 181.25
46054 154.688
46055 175
46058 164.062
46059 168.75
46060 153.125
46066 168.75
46067 287.5
46070 150
46074 157.812
46075 157.812
46078 157.812
46206 148.438
46210 146.875
46212 148.438
46216 153.125
46220 151.562
46226 154.688
46228 146.875
46230 148.438
46234 151.562
46236 148.438
46240 146.875
46241 153.125
46242 154.688
46243 156.25
46244 153.125
46245 153.125
46246 157.812
46247 156.25
46248 148.438
46250 146.875
46251 151.562
46254 148.438
46255 150
46257 167.188
46258 153.125
46260 156.25
46262 178.125
46264 156.25
46266 181.25
46267 146.875
46268 148.438
46274 150
46275 164.062
46278 150
46279 160.938
46281 146.875
46282 157.812
46285 700
46287 146.875
46289 146.875
46290 146.875
46294 167.188
46295 171.875
46299 171.875
46302 162.5
46306 175
46307 165.625
46308 165.625
46310 175
46311 171.875
46312 175
46314 168.75
46315 178.125
46316 162.5
46317 145.312
46318 154.688
46319 175
46322 178.125
46323 165.625
46325 156.25
46326 160.938
46327 181.25
46331 181.25
46346 151.562
46347 162.5
46355 162.5
46359 159.375
46363 168.75
46367 162.5
46371 154.688
46375 157.812
46379 150
46383 151.562
46636 153.125
46656 153.125
46657 151.562
46660 156.25
46664 160.938
46668 153.125
46672 146.875
46674 150
46676 150
46678 170.312
46680 146.875
46681 154.688
46682 148.438
46692 146.875
46693 151.562
46696 146.875
46702 153.125
46703 159.375
46704 146.875
46705 153.125
46706 156.25
46708 150
46709 157.812
46710 171.875
46712 150
46713 154.688
46714 148.438
46715 178.125
46852 150
46855 153.125
46856 153.125
46858 145.312
46859 178.125
46860 156.25
46861 150
46863 200
46866 156.25
46867 218.75
46868 146.875
46870 156.25
46871 200
46874 156.25
46875 200
46878 148.438
46879 168.75
46882 148.438
46901 150
46911 146.875
46938 150
46939 150
46942 150
46943 159.375
46947 150
46950 146.875
46951 146.875
46966 154.688
46967 175
46970 173.438
46971 162.5
46974 171.875
46975 165.625
46976 146.875
46978 171.875
46979 250
46980 168.75
46982 156.25
46983 200
46986 154.688
46987 193.75
46991 206.25
46994 173.438
46995 184.375
46998 168.75
46999 237.5
47002 165.625
47003 193.75
47006 184.375
47007 190.625
47010 193.75
47011 200
47012 148.438
47014 178.125
47015 203.125
47018 156.25
47019 181.25
47020 150
47022 162.5
47023 171.875
47026 160.938
47027 175
47030 156.25
47031 179.688
47035 156.25
47039 190.625
47041 153.125
47042 165.625
47043 225
47044 156.25
47046 162.5
47047 184.375
47048 159.375
47050 175
47051 184.375
47052 162.5
47054 181.25
47055 193.75
47056 150
47058 181.25
47059 175
47060 146.875
47062 160.938
47063 231.25
47064 157.812
47066 168.75
47067 225
47068 150
47069 159.375
47070 168.75
47073 153.125
47074 218.75
47075 225
47076 150
47077 156.25
47078 175
47079 218.75
47080 148.438
47081 154.688
47082 206.25
47083 212.5
47086 170.312
47087 178.125
47088 146.875
47089 153.125
47090 175
47091 181.25
47093 165.625
47094 146.875
47095 159.375
47096 153.125
47097 165.625
47098 156.25
47099 150
47100 148.438
47101 159.375
47102 181.25
47103 165.625
47111 148.438
47115 150
47119 154.688
47123 156.25
47127 156.25
47131 156.25
47135 150
47139 148.438
47143 153.125
47147 150
47151 148.438
47166 173.438
47167 190.625
47170 168.75
47171 181.25
47174 173.438
47175 184.375
47178 156.25
47179 212.5
47181 146.875
47186 184.375
47187 165.625
47190 156.25
47191 160.938
47195 167.188
47199 156.25
47202 150
47203 162.5
47207 164.062
47211 190.625
47215 200
47219 190.625
47222 150
47223 159.375
47226 162.5
47237 159.375
47238 165.625
47242 160.938
47244 146.875
47245 700
47250 157.812
47251 148.438
47254 171.875
47256 145.312
47258 148.438
47262 154.688
47263 171.875
47274 150
47275 187.5
47278 150
47279 181.25
47282 187.5
47283 184.375
47286 190.625
47287 171.875
47289 150
47290 190.625
47291 218.75
47293 700
47294 200
47295 231.25
47296 148.438
47297 153.125
47298 262.5
47299 275
47300 146.875
47302 193.75
47303 275
47304 156.25
47305 157.812
47306 203.125
47307 212.5
47308 156.25
47310 225
47311 200
47314 196.875
47315 167.188
47316 146.875
47318 196.875
47319 162.5
47322 162.5
47323 165.625
47326 150
47330 153.125
47331 187.5
47334 178.125
47335 146.875
47338 165.625
47340 146.875
47342 178.125
47344 153.125
47346 187.5
47347 159.375
47348 148.438
47350 206.25
47351 151.562
47352 150
47354 178.125
47355 178.125
47356 148.438
47357 148.438
47358 168.75
47359 175
47364 162.5
47365 148.438
47367 175
47369 146.875
47371 150
47376 154.688
47380 156.25
47386 154.688
47387 153.125
47388 156.25
47390 154.688
47392 159.375
47396 154.688
47398 162.5
47399 148.438
47400 162.5
47401 150
47402 160.938
47403 168.75
47404 156.25
47406 153.125
47407 153.125
47408 156.25
47410 193.75
47411 173.438
47412 154.688
47414 154.688
47415 168.75
47418 156.25
47422 168.75
47423 159.375
47424 146.875
47426 154.688
47427 151.562
47428 145.312
47429 151.562
47430 160.938
47431 165.625
47432 153.125
47433 154.688
47434 167.188
47435 187.5
47436 150
47437 154.688
47438 181.25
47439 212.5
47440 159.375
47441 168.75
47442 153.125
47443 193.75
47444 154.688
47445 165.625
47447 184.375
47448 153.125
47449 151.562
47451 184.375
47455 165.625
47459 171.875
47460 146.875
47461 148.438
47462 153.125
47463 193.75
47464 146.875
47465 145.312
47466 190.625
47467 190.625
47468 153.125
47469 151.562
47470 178.125
47471 184.375
47473 165.625
47474 184.375
47475 175
47476 153.125
47477 154.688
47478 200
47479 190.625
47480 150
47481 156.25
47482 184.375
47483 168.75
47485 151.562
47486 150
47487 153.125
47543 171.875
47546 157.812
47750 146.875
47772 145.312
47817 148.438
47821 150
47829 146.875
47833 146.875
47838 156.25
47842 162.5
47846 150
47852 151.562
47856 156.25
47858 150
47870 146.875
47875 154.688
47876 151.562
47878 150
47879 165.625
47882 145.312
47883 162.5
47887 167.188
47888 148.438
47889 153.125
47890 159.375
47891 168.75
47892 159.375
47894 148.438
47895 157.812
47896 151.562
47898 170.312
47899 168.75
47902 154.688
47903 159.375
47907 157.812
47910 146.875
47911 146.875
47912 146.875
47914 145.312
47915 146.875
47920 146.875
47924 146.875
47925 148.438
47928 145.312
47929 148.438
47931 148.438
47935 146.875
47954 146.875
47955 157.812
47959 154.688
47963 146.875
47982 150
48003 153.125
48005 146.875
48006 170.312
48007 225
48008 145.312
48009 153.125
48010 184.375
48011 206.25
48013 151.562
48017 151.562
48018 162.5
48019 193.75
48022 187.5
48023 200
48026 157.812
48027 212.5
48030 175
48031 187.5
48034 153.125
48035 151.562
48039 178.125
48041 145.312
48042 157.812
48043 176.562
48047 162.5
48055 156.25
48062 150
48065 150
48075 146.875
48076 146.875
48079 153.125
48080 145.312
48083 153.125
48106 150
48115 146.875
48132 156.25
48134 154.688
48138 159.375
48140 171.875
48144 175
48148 171.875
48150 156.25
48151 167.188
48152 159.375
48160 150
48164 150
48165 146.875
48168 150
48170 167.188
48174 162.5
48176 156.25
48178 160.938
48179 148.438
48180 151.562
48181 159.375
48182 153.125
48183 162.5
48184 151.562
48190 164.062
48191 153.125
48195 146.875
48287 150
48295 145.312
48299 146.875
48302 168.75
48303 153.125
48306 168.75
48310 175
48314 178.125
48315 206.25
48319 175
48322 175
48323 151.562
48327 150
48330 146.875
48331 150
48335 146.875
48362 159.375
48363 159.375
48366 150
48370 148.438
48371 206.25
48375 237.5
48391 151.562
48394 154.688
48395 162.5
48399 171.875
48403 162.5
48406 171.875
48407 157.812
48410 153.125
48411 153.125
48414 148.438
48415 153.125
48419 146.875
48423 151.562
48427 165.625
48431 153.125
48438 165.625
48439 148.438
48442 153.125
48443 146.875
48446 153.125
48515 154.688
48516 146.875
48518 212.5
48519 225
48520 175
48522 212.5
48523 212.5
48524 184.375
48527 200
48528 167.188
48529 160.938
48530 159.375
48531 196.875
48532 168.75
48533 159.375
48534 250
48535 196.875
48536 162.5
48538 184.375
48539 200
48540 160.938
48541 159.375
48542 184.375
48543 250
48544 156.25
48545 154.688
48546 225
48547 225
48548 153.125
48549 156.25
48550 231.25
48551 250
48552 157.812
48553 162.5
48554 237.5
48555 231.25
48556 153.125
48558 171.875
48559 181.25
48560 151.562
48562 200
48563 231.25
48564 168.75
48565 165.625
48566 212.5
48567 184.375
48568 162.5
48569 153.125
48570 212.5
48571 225
48572 153.125
48574 181.25
48575 181.25
48579 153.125
48587 153.125
48591 150
48595 159.375
48599 154.688
48603 148.438
48615 146.875
48622 159.375
48623 154.688
48630 146.875
48631 146.875
48634 150
48635 154.688
48639 146.875
48642 146.875
48643 150
48644 151.562
48645 150
48646 181.25
48647 193.75
48648 156.25
48649 171.875
48650 178.125
48651 200
48652 151.562
48653 159.375
48655 200
48656 146.875
48657 148.438
48658 157.812
48659 193.75
48661 148.438
48662 193.75
48663 190.625
48665 148.438
48666 184.375
48667 187.5
48669 150
48670 187.5
48671 178.125
48674 156.25
48675 184.375
48678 196.875
48679 168.75
48681 148.438
48682 181.25
48683 181.25
48686 193.75
48687 200
48690 203.125
48691 212.5
48693 153.125
48694 237.5
48695 250
48696 146.875
48697 153.125
48698 218.75
48699 262.5
48700 148.438
48702 190.625
48703 200
48706 225
48707 218.75
48710 173.438
48711 196.875
48714 171.875
48715 200
48718 171.875
48719 200
48722 154.688
48723 200
48726 159.375
48727 187.5
48730 168.75
48731 175
48734 153.125
48735 187.5
48738 146.875
48739 175
48742 153.125
48743 178.125
48746 171.875
48747 175
48750 168.75
48751 168.75
48754 187.5
48755 171.875
48758 181.25
48759 165.625
48762 165.625
48763 159.375
48766 160.938
48767 162.5
48771 162.5
48774 146.875
48775 165.625
48779 206.25
48783 212.5
48786 178.125
48787 212.5
48790 225
48791 206.25
48792 156.25
48794 181.25
48795 200
48796 146.875
48798 160.938
48799 187.5
48800 148.438
48802 168.75
48803 193.75
48806 157.812
48807 190.625
48810 156.25
48811 175
48814 187.5
48815 159.375
48819 156.25
48822 148.438
48823 167.188
48824 148.438
48826 146.875
48828 148.438
48831 159.375
48832 151.562
48834 184.375
48835 225
48836 150
48838 193.75
48839 237.5
48840 150
48842 156.25
48843 168.75
48846 154.688
48847 237.5
48848 148.438
48850 164.062
48851 178.125
48854 151.562
48855 218.75
48858 156.25
48859 212.5
48862 153.125
48863 178.125
48866 159.375
48867 178.125
48868 148.438
48870 193.75
48871 187.5
48874 187.5
48875 187.5
48878 178.125
48879 225
48881 159.375
48882 178.125
48883 190.625
48886 168.75
48887 190.625
48888 154.688
48890 154.688
48891 200
48894 150
48895 153.125
48898 156.25
48899 225
48903 250
48904 151.562
48906 176.562
48907 262.5
48911 196.875
48912 148.438
48914 153.125
48915 184.375
48916 175
48917 148.438
48918 184.375
48919 243.75
48922 154.688
48923 162.5
48924 164.062
48926 190.625
48927 237.5
48928 160.938
48930 153.125
48931 225
48932 157.812
48934 178.125
48935 225
48936 156.25
48938 178.125
48939 212.5
48940 154.688
48942 167.188
48943 200
48944 167.188
48945 162.5
48946 165.625
48947 212.5
48948 159.375
48950 178.125
48951 218.75
48954 225
48955 218.75
48958 190.625
48959 225
48960 175
48961 153.125
48962 206.25
48963 237.5
48964 171.875
48965 160.938
48966 212.5
48967 237.5
48968 168.75
48969 159.375
48970 212.5
48971 262.5
48972 156.25
48973 159.375
48974 212.5
48975 250
48976 153.125
48977 168.75
48978 225
48979 237.5
48980 164.062
48981 173.438
48982 206.25
48983 262.5
48984 168.75
48985 159.375
48986 225
48987 231.25
48988 151.562
48989 153.125
48990 218.75
48991 231.25
48992 165.625
48993 159.375
48994 218.75
48995 250
48996 206.25
48997 159.375
48998 212.5
48999 237.5
49000 150
49001 156.25
49002 187.5
49003 225
49004 184.375
49006 218.75
49007 275
49008 157.812
49009 165.625
49010 250
49011 275
49012 157.812
49013 153.125
49014 203.125
49015 190.625
49016 156.25
49017 153.125
49018 206.25
49019 196.875
49020 162.5
49021 150
49022 193.75
49027 700
49088 162.5
49089 153.125
49090 178.125
49091 165.625
49092 156.25
49093 160.938
49094 184.375
49095 148.438
49096 164.062
49097 171.875
49098 165.625
49099 151.562
49100 167.188
49101 167.188
49102 206.25
49103 157.812
49104 165.625
49106 162.5
49107 187.5
49108 151.562
49110 196.875
49111 193.75
49112 153.125
49113 164.062
49114 168.75
49115 225
49116 150
49117 159.375
49118 212.5
49119 187.5
49120 148.438
49121 153.125
49122 187.5
49123 200
49124 148.438
49125 156.25
49126 159.375
49127 193.75
49128 148.438
49129 156.25
49130 187.5
49131 184.375
49134 146.875
49139 187.5
49140 162.5
49141 162.5
49142 200
49143 237.5
49144 159.375
49145 165.625
49146 200
49147 200
49148 150
49149 162.5
49150 206.25
