0 0 20.7802 9.54002
0 1 20.7812 9.54019
0 2 20.7828 9.54103
0 3 20.7851 9.5417
0 4 20.7881 9.54354
0 5 20.7918 9.54472
0 6 20.7962 9.54606
0 7 20.8012 9.54924
0 8 20.807 9.55108
0 9 20.8135 9.55309
0 10 20.8206 9.55761
0 11 20.8285 9.56013
0 12 20.837 9.56565
0 13 20.8462 9.56866
0 14 20.8561 9.57183
0 15 20.8667 9.57868
0 16 20.8819 9.58236
0 17 20.894 9.5902
0 18 20.9069 9.59437
0 19 20.9204 9.59871
0 20 20.9347 9.60787
0 21 20.9496 9.6127
0 22 20.9651 9.62285
0 23 20.9814 9.62817
0 24 20.9983 9.63929
0 25 21.0159 9.6451
0 26 21.0342 9.65107
0 27 21.0531 9.6635
0 28 21.0727 9.66995
0 29 21.0999 9.68335
0 30 21.121 9.69028
0 31 21.1428 9.69738
0 32 21.1653 9.71205
0 33 21.1884 9.71963
0 34 21.2122 9.73526
0 35 21.2366 9.74331
0 36 21.2702 9.75988
0 37 21.2961 9.7684
0 38 21.3227 9.78591
0 39 21.3499 9.7949
0 40 21.3778 9.81334
0 41 21.4159 9.82279
0 42 21.4452 9.8324
0 43 21.4752 9.85207
0 44 21.5058 9.86213
0 45 21.537 9.88271
0 46 21.5796 9.89323
0 47 21.6123 9.91472
0 48 21.6456 9.92568
0 49 21.6909 9.94807
0 50 21.7257 9.95948
0 51 21.761 9.98275
0 52 21.7969 9.9946
0 53 21.8457 10.0187
0 54 21.8077 10.031
0 55 21.4276 10.056
0 56 21.0483 10.0816
0 57 20.6698 10.0946
0 58 20.3298 10.1211
0 59 19.9905 10.1345
0 60 19.7171 10.1618
0 61 19.7589 10.1756
0 62 19.8157 10.2037
0 63 19.859 10.2324
0 64 19.9029 10.2469
0 65 19.9475 10.2764
0 66 19.9927 10.2913
0 67 20.0385 10.3216
0 68 20.0849 10.3524
0 69 20.1477 10.368
0 70 20.1955 10.3996
0 71 20.244 10.4317
0 72 20.293 10.4479
0 73 20.3426 10.4808
0 74 20.4097 10.5142
0 75 20.4606 10.5311
0 76 20.5122 10.5652
0 77 20.5818 10.5998
0 78 20.5459 10.6173
0 79 20.384 10.6527
0 80 20.4381 10.6885
0 81 20.4927 10.7248
0 82 20.5665 10.7431
0 83 20.6224 10.7802
0 84 20.6978 10.8177
0 85 20.755 10.8556
0 86 20.8128 10.8747
0 87 20.8906 10.9134
0 88 20.9496 10.9524
0 89 21.029 10.992
0 90 21.1093 11.0319
0 91 21.1702 11.0723
0 92 21.2521 11.0927
0 93 21.3141 11.1337
0 94 21.3976 11.1752
0 95 21.4819 11.217
0 96 21.5457 11.2593
0 97 21.5885 11.302
0 98 21.4537 11.3451
0 99 21.252 11.3886
0 100 21.0512 11.4325
0 101 20.8845 11.4768
0 102 20.6852 11.5214
0 103 20.5197 11.5665
0 104 20.355 11.6119
0 105 20.158 11.6577
0 106 19.9947 11.7038
0 107 19.832 11.6297
0 108 19.7731 11.5327
0 109 19.8681 11.4361
0 110 19.94 11.34
0 111 20.0365 11.2762
0 112 20.1339 11.1809
0 113 20.2074 11.086
0 114 20.3062 11.0231
0 115 20.4057 10.929
0 116 20.5059 10.8666
0 117 20.607 10.7735
0 118 20.6832 10.7117
0 119 20.7856 10.6194
0 120 20.8886 10.5582
0 121 20.9924 10.4669
0 122 21.0968 10.4063
0 123 21.123 10.3461
0 124 20.9725 10.286
0 125 20.8229 10.1965
0 126 20.7037 10.1372
0 127 20.5556 10.0781
0 128 20.4377 10.0194
0 129 20.3204 9.96092
0 130 20.1746 9.98835
0 131 20.0587 10.0435
0 132 19.9433 10.0989
0 133 19.8286 10.1547
0 134 19.7145 10.2108
0 135 19.601 10.2672
0 136 19.6023 10.3524
0 137 19.7171 10.4096
0 138 19.8324 10.4671
0 139 19.9484 10.5248
0 140 20.065 10.5829
0 141 20.2116 10.6705
0 142 20.3295 10.7293
0 143 20.448 10.7883
0 144 20.597 10.8774
0 145 20.7167 10.9371
0 146 20.8671 10.9971
0 147 21.0184 11.0875
0 148 21.14 11.1481
0 149 21.1141 11.2394
0 150 21.0109 11.3006
0 151 20.9085 11.3928
0 152 20.8068 11.4546
0 153 20.7058 11.5476
0 154 20.6056 11.6412
0 155 20.5061 11.7352
0 156 20.4074 11.7982
0 157 20.3339 11.8126
0 158 20.2365 11.7641
0 159 20.14 11.716
0 160 20.0681 11.6445
0 161 19.973 11.5973
0 162 19.8788 11.5504
0 163 19.8086 11.5039
0 164 19.9024 11.4578
0 165 20.0665 11.412
0 166 20.2313 11.3667
0 167 20.3967 11.3217
0 168 20.596 11.2771
0 169 20.7628 11.2328
0 170 20.9636 11.189
0 171 21.1316 11.1456
0 172 21.3339 11.1026
0 173 21.537 11.0813
0 174 21.6389 11.0389
0 175 21.5758 10.9969
0 176 21.5132 10.9554
0 177 21.4305 10.9142
0 178 21.3486 10.8736
0 179 21.2878 10.8333
0 180 21.2076 10.8134
0 181 21.148 10.7738
0 182 21.0693 10.7347
0 183 21.0109 10.696
0 184 20.9338 10.6578
0 185 20.8766 10.6388
0 186 20.8012 10.6013
0 187 20.7453 10.5643
0 188 20.69 10.5277
0 189 20.617 10.5096
0 190 20.5629 10.4738
0 191 20.4917 10.4384
0 192 20.4389 10.4209
0 193 20.3867 10.3863
0 194 20.3351 10.3522
0 195 20.2671 10.3354
0 196 20.2168 10.302
0 197 20.1672 10.2692
0 198 20.1181 10.253
0 199 20.0535 10.221
0 200 20.0059 10.2051
0 201 19.9588 10.1739
0 202 19.9123 10.1432
0 203 19.8665 10.128
0 204 19.8212 10.0981
0 205 19.7766 10.0834
0 206 19.7181 10.0543
0 207 19.675 10.0258
0 208 19.8198 10.0117
0 209 20.1577 9.98403
0 210 20.4963 9.9704
0 211 20.8357 9.94356
0 212 21.1757 9.93036
0 213 21.5543 9.90438
0 214 21.7438 9.89161
0 215 21.7186 9.86651
0 216 21.6689 9.85418
0 217 21.6323 9.82995
0 218 21.5963 9.81806
0 219 21.5609 9.79473
0 220 21.5147 9.78329
0 221 21.4808 9.76086
0 222 21.4475 9.74987
0 223 21.4148 9.72835
0 224 21.3722 9.71782
0 225 21.3409 9.69722
0 226 21.3103 9.68715
0 227 21.2803 9.66747
0 228 21.251 9.65787
0 229 21.2128 9.64842
0 230 21.185 9.62999
0 231 21.1578 9.62102
0 232 21.1312 9.60354
0 233 21.1053 9.59504
0 234 21.0801 9.57852
0 235 21.0474 9.5705
0 236 21.0237 9.56264
0 237 21.0006 9.5474
0 238 20.9782 9.54002
0 239 20.9564 9.52575
0 240 20.9353 9.51887
0 241 20.9149 9.51214
0 242 20.8952 9.49918
0 243 20.8761 9.49294
0 244 20.8577 9.48097
0 245 20.84 9.47523
0 246 20.8174 9.46966
0 247 20.8012 9.45901
0 248 20.7858 9.45393
0 249 20.771 9.44428
0 250 20.7569 9.4397
0 251 20.7435 9.4353
0 252 20.7308 9.42698
0 253 20.7187 9.42308
0 254 20.7074 9.41934
0 255 20.6967 9.41237
0 256 20.6867 9.40914
0 257 20.6774 9.40319
0 258 20.6688 9.40047
0 259 20.6609 9.39791
0 260 20.6537 9.39332
0 261 20.6472 9.39127
0 262 20.6414 9.3894
0 263 20.6363 9.38616
0 264 20.6319 9.3848
0 265 20.6282 9.38258
0 266 20.6251 9.38173
0 267 20.6228 9.38104
0 268 20.6212 9.38019
0 269 20.6202 9.38002
0 270 20.6202 9.38002
0 271 20.6212 9.38019
0 272 20.6228 9.38104
0 273 20.6251 9.38173
0 274 20.6282 9.38258
0 275 20.6319 9.3848
0 276 20.6363 9.38616
0 277 20.6414 9.3894
0 278 20.6472 9.39127
0 279 20.6537 9.39332
0 280 20.6609 9.39791
0 281 20.6688 9.40047
0 282 20.6774 9.40319
0 283 20.6867 9.40914
0 284 20.6967 9.41237
0 285 20.7074 9.41934
0 286 20.7187 9.42308
0 287 20.7308 9.42698
0 288 20.7435 9.4353
0 289 20.7569 9.4397
0 290 20.771 9.44428
0 291 20.7858 9.45393
0 292 20.8012 9.45901
0 293 20.8174 9.46966
0 294 20.84 9.47523
0 295 20.8577 9.48097
0 296 20.8761 9.49294
0 297 20.8952 9.49918
0 298 20.9149 9.51214
0 299 20.9353 9.51887
0 300 20.9564 9.52575
0 301 20.9782 9.54002
0 302 21.0006 9.5474
0 303 21.0237 9.56264
0 304 21.0474 9.5705
0 305 21.0801 9.57852
0 306 21.1053 9.59504
0 307 21.1312 9.60354
0 308 21.1578 9.62102
0 309 21.185 9.62999
0 310 21.2128 9.64842
0 311 21.251 9.65787
0 312 21.2803 9.66747
0 313 21.3103 9.68715
0 314 21.3409 9.69722
0 315 21.3722 9.71782
0 316 21.4148 9.72835
0 317 21.4475 9.74987
0 318 21.4808 9.76086
0 319 21.5147 9.78329
0 320 21.5609 9.79473
0 321 21.5963 9.81806
0 322 21.6323 9.82995
0 323 21.6689 9.85418
0 324 21.7186 9.86651
0 325 21.7438 9.89161
0 326 21.5543 9.90438
0 327 21.1757 9.93036
0 328 20.8357 9.94356
0 329 20.4963 9.9704
0 330 20.1577 9.98403
0 331 19.8198 10.0117
0 332 19.675 10.0258
0 333 19.7181 10.0543
0 334 19.7766 10.0834
0 335 19.8212 10.0981
0 336 19.8665 10.128
0 337 19.9123 10.1432
0 338 19.9588 10.1739
0 339 20.0059 10.2051
0 340 20.0535 10.221
0 341 20.1181 10.253
0 342 20.1672 10.2692
0 343 20.2168 10.302
0 344 20.2671 10.3354
0 345 20.3351 10.3522
0 346 20.3867 10.3863
0 347 20.4389 10.4209
0 348 20.4917 10.4384
0 349 20.5629 10.4738
0 350 20.617 10.5096
0 351 20.69 10.5277
0 352 20.7453 10.5643
0 353 20.8012 10.6013
0 354 20.8766 10.6388
0 355 20.9338 10.6578
0 356 21.0109 10.696
0 357 21.0693 10.7347
0 358 21.148 10.7738
0 359 21.2076 10.8134
0 360 21.2878 10.8333
0 361 21.3486 10.8736
0 362 21.4305 10.9142
0 363 21.5132 10.9554
0 364 21.5758 10.9969
0 365 21.6389 11.0389
0 366 21.537 11.0813
0 367 21.3339 11.1026
0 368 21.1316 11.1456
0 369 20.9636 11.189
0 370 20.7628 11.2328
0 371 20.596 11.2771
0 372 20.3967 11.3217
0 373 20.2313 11.3667
0 374 20.0665 11.412
0 375 19.9024 11.4578
0 376 19.8086 11.5039
0 377 19.8788 11.5504
0 378 19.973 11.5973
0 379 20.0681 11.6445
0 380 20.14 11.716
0 381 20.2365 11.7641
0 382 20.3339 11.8126
0 383 20.4074 11.7982
0 384 20.5061 11.7352
0 385 20.6056 11.6412
0 386 20.7058 11.5476
0 387 20.8068 11.4546
0 388 20.9085 11.3928
0 389 21.0109 11.3006
0 390 21.1141 11.2394
0 391 21.14 11.1481
0 392 21.0184 11.0875
0 393 20.8671 10.9971
0 394 20.7167 10.9371
0 395 20.597 10.8774
0 396 20.448 10.7883
0 397 20.3295 10.7293
0 398 20.2116 10.6705
0 399 20.065 10.5829
0 400 19.9484 10.5248
0 401 19.8324 10.4671
0 402 19.7171 10.4096
0 403 19.6023 10.3524
0 404 19.5727 10.2955
0 405 19.7145 10.2108
0 406 19.8286 10.1547
0 407 19.9433 10.0989
0 408 20.0587 10.0435
0 409 20.1746 9.98835
0 410 20.3204 9.96092
0 411 20.4377 10.0194
0 412 20.5556 10.0781
0 413 20.7037 10.1372
0 414 20.8229 10.1965
0 415 20.9725 10.286
0 416 21.123 10.3461
0 417 21.0968 10.4063
0 418 20.9924 10.4669
0 419 20.8886 10.5582
0 420 20.7856 10.6194
0 421 20.6832 10.7117
0 422 20.607 10.7735
0 423 20.5059 10.8666
0 424 20.4057 10.929
0 425 20.3062 11.0231
0 426 20.2074 11.086
0 427 20.1339 11.1809
0 428 20.0365 11.2762
0 429 19.94 11.34
0 430 19.8681 11.4361
0 431 19.7731 11.5327
0 432 19.832 11.6297
0 433 19.9947 11.7038
0 434 20.158 11.6577
0 435 20.355 11.6119
0 436 20.5197 11.5665
0 437 20.6852 11.5214
0 438 20.8845 11.4768
0 439 21.0512 11.4325
0 440 21.252 11.3886
0 441 21.4537 11.3451
0 442 21.5885 11.302
0 443 21.5457 11.2593
0 444 21.4819 11.217
0 445 21.3976 11.1752
0 446 21.3141 11.1337
0 447 21.2521 11.0927
0 448 21.1702 11.0723
0 449 21.1093 11.0319
0 450 21.029 10.992
0 451 20.9496 10.9524
0 452 20.8906 10.9134
0 453 20.8128 10.8747
0 454 20.755 10.8556
0 455 20.6978 10.8177
0 456 20.6224 10.7802
0 457 20.5665 10.7431
0 458 20.4927 10.7248
0 459 20.4381 10.6885
0 460 20.384 10.6527
0 461 20.5459 10.6173
0 462 20.5818 10.5998
0 463 20.5122 10.5652
0 464 20.4606 10.5311
0 465 20.4097 10.5142
0 466 20.3426 10.4808
0 467 20.293 10.4479
0 468 20.244 10.4317
0 469 20.1955 10.3996
0 470 20.1477 10.368
0 471 20.0849 10.3524
0 472 20.0385 10.3216
0 473 19.9927 10.2913
0 474 19.9475 10.2764
0 475 19.9029 10.2469
0 476 19.859 10.2324
0 477 19.8157 10.2037
0 478 19.7589 10.1756
0 479 19.7171 10.1618
0 480 19.9905 10.1345
0 481 20.3298 10.1211
0 482 20.6698 10.0946
0 483 21.0483 10.0816
0 484 21.4276 10.056
0 485 21.8077 10.031
0 486 21.8457 10.0187
0 487 21.7969 9.9946
0 488 21.761 9.98275
0 489 21.7257 9.95948
0 490 21.6909 9.94807
0 491 21.6456 9.92568
0 492 21.6123 9.91472
0 493 21.5796 9.89323
0 494 21.537 9.88271
0 495 21.5058 9.86213
0 496 21.4752 9.85207
0 497 21.4452 9.8324
0 498 21.4159 9.82279
0 499 21.3778 9.81334
0 500 21.3499 9.7949
0 501 21.3227 9.78591
0 502 21.2961 9.7684
0 503 21.2702 9.75988
0 504 21.2366 9.74331
0 505 21.2122 9.73526
0 506 21.1884 9.71963
0 507 21.1653 9.71205
0 508 21.1428 9.69738
0 509 21.121 9.69028
0 510 21.0999 9.68335
0 511 21.0727 9.66995
0 512 21.0531 9.6635
0 513 21.0342 9.65107
0 514 21.0159 9.6451
0 515 20.9983 9.63929
0 516 20.9814 9.62817
0 517 20.9651 9.62285
0 518 20.9496 9.6127
0 519 20.9347 9.60787
0 520 20.9204 9.59871
0 521 20.9069 9.59437
0 522 20.894 9.5902
0 523 20.8819 9.58236
0 524 20.8667 9.57868
0 525 20.8561 9.57183
0 526 20.8462 9.56866
0 527 20.837 9.56565
0 528 20.8285 9.56013
0 529 20.8206 9.55761
0 530 20.8135 9.55309
0 531 20.807 9.55108
0 532 20.8012 9.54924
0 533 20.7962 9.54606
0 534 20.7918 9.54472
0 535 20.7881 9.54354
0 536 20.7851 9.5417
0 537 20.7828 9.54103
0 538 20.7812 9.54019
0 539 20.7802 9.54002
0 540 20.7802 9.54002
0 541 20.7812 9.54019
0 542 20.7828 9.54103
0 543 20.7851 9.5417
0 544 20.7881 9.54354
0 545 20.7918 9.54472
0 546 20.7962 9.54606
0 547 20.8012 9.54924
0 548 20.807 9.55108
0 549 20.8135 9.55309
0 550 20.8206 9.55761
0 551 20.8285 9.56013
0 552 20.837 9.56565
0 553 20.8462 9.56866
0 554 20.8561 9.57183
0 555 20.8667 9.57868
0 556 20.8819 9.58236
0 557 20.894 9.5902
0 558 20.9069 9.59437
0 559 20.9204 9.59871
0 560 20.9347 9.60787
0 561 20.9496 9.6127
0 562 20.9651 9.62285
0 563 20.9814 9.62817
0 564 20.9983 9.63929
0 565 21.0159 9.6451
0 566 21.0342 9.65107
0 567 21.0531 9.6635
0 568 21.0727 9.66995
0 569 21.0999 9.68335
0 570 21.121 9.69028
0 571 21.1428 9.69738
0 572 21.1653 9.71205
0 573 21.1884 9.71963
0 574 21.2122 9.73526
0 575 21.2366 9.74331
0 576 21.2702 9.75988
0 577 21.2961 9.7684
0 578 21.3227 9.78591
0 579 21.3499 9.7949
0 580 21.3778 9.81334
0 581 21.4159 9.82279
0 582 21.4452 9.8324
0 583 21.4752 9.85207
0 584 21.5058 9.86213
0 585 21.537 9.88271
0 586 21.5796 9.89323
0 587 21.6123 9.91472
0 588 21.6456 9.92568
0 589 21.6909 9.94807
0 590 21.7257 9.95948
0 591 21.761 9.98275
0 592 21.7969 9.9946
0 593 21.8457 10.0187
0 594 21.8077 10.031
0 595 21.4276 10.056
0 596 21.0483 10.0816
0 597 20.6698 10.0946
0 598 20.3298 10.1211
0 599 19.9905 10.1345
0 600 19.7171 10.1618
0 601 19.7589 10.1756
0 602 19.8157 10.2037
0 603 19.859 10.2324
0 604 19.9029 10.2469
0 605 19.9475 10.2764
0 606 19.9927 10.2913
0 607 20.0385 10.3216
0 608 20.0849 10.3524
0 609 20.1477 10.368
0 610 20.1955 10.3996
0 611 20.244 10.4317
0 612 20.293 10.4479
0 613 20.3426 10.4808
0 614 20.4097 10.5142
0 615 20.4606 10.5311
0 616 20.5122 10.5652
0 617 20.5818 10.5998
0 618 20.5459 10.6173
0 619 20.384 10.6527
0 620 20.4381 10.6885
0 621 20.4927 10.7248
0 622 20.5665 10.7431
0 623 20.6224 10.7802
0 624 20.6978 10.8177
0 625 20.755 10.8556
0 626 20.8128 10.8747
0 627 20.8906 10.9134
0 628 20.9496 10.9524
0 629 21.029 10.992
0 630 21.1093 11.0319
0 631 21.1702 11.0723
0 632 21.2521 11.0927
0 633 21.3141 11.1337
0 634 21.3976 11.1752
0 635 21.4819 11.217
0 636 21.5457 11.2593
0 637 21.5885 11.302
0 638 21.4537 11.3451
0 639 21.252 11.3886
0 640 21.0512 11.4325
0 641 20.8845 11.4768
0 642 20.6852 11.5214
0 643 20.5197 11.5665
0 644 20.355 11.6119
0 645 20.158 11.6577
0 646 19.9947 11.7038
0 647 19.832 11.6297
0 648 19.7731 11.5327
0 649 19.8681 11.4361
0 650 19.94 11.34
0 651 20.0365 11.2762
0 652 20.1339 11.1809
0 653 20.2074 11.086
0 654 20.3062 11.0231
0 655 20.4057 10.929
0 656 20.5059 10.8666
0 657 20.607 10.7735
0 658 20.6832 10.7117
0 659 20.7856 10.6194
0 660 20.8886 10.5582
0 661 20.9924 10.4669
0 662 21.0968 10.4063
0 663 21.123 10.3461
0 664 20.9725 10.286
0 665 20.8229 10.1965
0 666 20.7037 10.1372
0 667 20.5556 10.0781
0 668 20.4377 10.0194
0 669 20.3204 9.96092
0 670 20.1746 9.98835
0 671 20.0587 10.0435
0 672 19.9433 10.0989
0 673 19.8286 10.1547
0 674 19.7145 10.2108
0 675 19.5727 10.2955
0 676 19.6023 10.3524
0 677 19.7171 10.4096
0 678 19.8324 10.4671
0 679 19.9484 10.5248
0 680 20.065 10.5829
0 681 20.2116 10.6705
0 682 20.3295 10.7293
0 683 20.448 10.7883
0 684 20.597 10.8774
0 685 20.7167 10.9371
0 686 20.8671 10.9971
0 687 21.0184 11.0875
0 688 21.14 11.1481
0 689 21.1141 11.2394
0 690 21.0109 11.3006
0 691 20.9085 11.3928
0 692 20.8068 11.4546
0 693 20.7058 11.5476
0 694 20.6056 11.6412
0 695 20.5061 11.7352
0 696 20.4074 11.7982
0 697 20.3339 11.8126
0 698 20.2365 11.7641
0 699 20.14 11.716
0 700 20.0681 11.6445
0 701 19.973 11.5973
0 702 19.8788 11.5504
0 703 19.8086 11.5039
0 704 19.9024 11.4578
0 705 20.0665 11.412
0 706 20.2313 11.3667
0 707 20.3967 11.3217
0 708 20.596 11.2771
0 709 20.7628 11.2328
0 710 20.9636 11.189
0 711 21.1316 11.1456
0 712 21.3339 11.1026
0 713 21.537 11.0813
0 714 21.6389 11.0389
0 715 21.5758 10.9969
0 716 21.5132 10.9554
0 717 21.4305 10.9142
0 718 21.3486 10.8736
0 719 21.2878 10.8333
0 720 21.2076 10.8134
0 721 21.148 10.7738
0 722 21.0693 10.7347
0 723 21.0109 10.696
0 724 20.9338 10.6578
0 725 20.8766 10.6388
0 726 20.8012 10.6013
0 727 20.7453 10.5643
0 728 20.69 10.5277
0 729 20.617 10.5096
0 730 20.5629 10.4738
0 731 20.4917 10.4384
0 732 20.4389 10.4209
0 733 20.3867 10.3863
0 734 20.3351 10.3522
0 735 20.2671 10.3354
0 736 20.2168 10.302
0 737 20.1672 10.2692
0 738 20.1181 10.253
0 739 20.0535 10.221
0 740 20.0059 10.2051
0 741 19.9588 10.1739
0 742 19.9123 10.1432
0 743 19.8665 10.128
0 744 19.8212 10.0981
0 745 19.7766 10.0834
0 746 19.7181 10.0543
0 747 19.675 10.0258
0 748 19.8198 10.0117
0 749 20.1577 9.98403
0 750 20.4963 9.9704
0 751 20.8357 9.94356
0 752 21.1757 9.93036
0 753 21.5543 9.90438
0 754 21.7438 9.89161
0 755 21.7186 9.86651
0 756 21.6689 9.85418
0 757 21.6323 9.82995
0 758 21.5963 9.81806
0 759 21.5609 9.79473
0 760 21.5147 9.78329
0 761 21.4808 9.76086
0 762 21.4475 9.74987
0 763 21.4148 9.72835
0 764 21.3722 9.71782
0 765 21.3409 9.69722
0 766 21.3103 9.68715
0 767 21.2803 9.66747
0 768 21.251 9.65787
0 769 21.2128 9.64842
0 770 21.185 9.62999
0 771 21.1578 9.62102
0 772 21.1312 9.60354
0 773 21.1053 9.59504
0 774 21.0801 9.57852
0 775 21.0474 9.5705
0 776 21.0237 9.56264
0 777 21.0006 9.5474
0 778 20.9782 9.54002
0 779 20.9564 9.52575
0 780 20.9353 9.51887
0 781 20.9149 9.51214
0 782 20.8952 9.49918
0 783 20.8761 9.49294
0 784 20.8577 9.48097
0 785 20.84 9.47523
0 786 20.8174 9.46966
0 787 20.8012 9.45901
0 788 20.7858 9.45393
0 789 20.771 9.44428
0 790 20.7569 9.4397
0 791 20.7435 9.4353
0 792 20.7308 9.42698
0 793 20.7187 9.42308
0 794 20.7074 9.41934
0 795 20.6967 9.41237
0 796 20.6867 9.40914
0 797 20.6774 9.40319
0 798 20.6688 9.40047
0 799 20.6609 9.39791
0 800 20.6537 9.39332
0 801 20.6472 9.39127
0 802 20.6414 9.3894
0 803 20.6363 9.38616
0 804 20.6319 9.3848
0 805 20.6282 9.38258
0 806 20.6251 9.38173
0 807 20.6228 9.38104
0 808 20.6212 9.38019
0 809 20.6202 9.38002
0 810 20.6202 9.38002
0 811 20.6212 9.38019
0 812 20.6228 9.38104
0 813 20.6251 9.38173
0 814 20.6282 9.38258
0 815 20.6319 9.3848
0 816 20.6363 9.38616
0 817 20.6414 9.3894
0 818 20.6472 9.39127
0 819 20.6537 9.39332
0 820 20.6609 9.39791
0 821 20.6688 9.40047
0 822 20.6774 9.40319
0 823 20.6867 9.40914
0 824 20.6967 9.41237
0 825 20.7074 9.41934
0 826 20.7187 9.42308
0 827 20.7308 9.42698
0 828 20.7435 9.4353
0 829 20.7569 9.4397
0 830 20.771 9.44428
0 831 20.7858 9.45393
0 832 20.8012 9.45901
0 833 20.8174 9.46966
0 834 20.84 9.47523
0 835 20.8577 9.48097
0 836 20.8761 9.49294
0 837 20.8952 9.49918
0 838 20.9149 9.51214
0 839 20.9353 9.51887
0 840 20.9564 9.52575
0 841 20.9782 9.54002
0 842 21.0006 9.5474
0 843 21.0237 9.56264
0 844 21.0474 9.5705
0 845 21.0801 9.57852
0 846 21.1053 9.59504
0 847 21.1312 9.60354
0 848 21.1578 9.62102
0 849 21.185 9.62999
0 850 21.2128 9.64842
0 851 21.251 9.65787
0 852 21.2803 9.66747
0 853 21.3103 9.68715
0 854 21.3409 9.69722
0 855 21.3722 9.71782
0 856 21.4148 9.72835
0 857 21.4475 9.74987
0 858 21.4808 9.76086
0 859 21.5147 9.78329
0 860 21.5609 9.79473
0 861 21.5963 9.81806
0 862 21.6323 9.82995
0 863 21.6689 9.85418
0 864 21.7186 9.86651
0 865 21.7438 9.89161
0 866 21.5543 9.90438
0 867 21.1757 9.93036
0 868 20.8357 9.94356
0 869 20.4963 9.9704
0 870 20.1577 9.98403
0 871 19.8198 10.0117
0 872 19.675 10.0258
0 873 19.7181 10.0543
0 874 19.7766 10.0834
0 875 19.8212 10.0981
0 876 19.8665 10.128
0 877 19.9123 10.1432
0 878 19.9588 10.1739
0 879 20.0059 10.2051
0 880 20.0535 10.221
0 881 20.1181 10.253
0 882 20.1672 10.2692
0 883 20.2168 10.302
0 884 20.2671 10.3354
0 885 20.3351 10.3522
0 886 20.3867 10.3863
0 887 20.4389 10.4209
0 888 20.4917 10.4384
0 889 20.5629 10.4738
0 890 20.617 10.5096
0 891 20.69 10.5277
0 892 20.7453 10.5643
0 893 20.8012 10.6013
0 894 20.8766 10.6388
0 895 20.9338 10.6578
0 896 21.0109 10.696
0 897 21.0693 10.7347
0 898 21.148 10.7738
0 899 21.2076 10.8134
0 900 21.2878 10.8333
0 901 21.3486 10.8736
0 902 21.4305 10.9142
0 903 21.5132 10.9554
0 904 21.5758 10.9969
0 905 21.6389 11.0389
0 906 21.537 11.0813
0 907 21.3339 11.1026
0 908 21.1316 11.1456
0 909 20.9636 11.189
0 910 20.7628 11.2328
0 911 20.596 11.2771
0 912 20.3967 11.3217
0 913 20.2313 11.3667
0 914 20.0665 11.412
0 915 19.9024 11.4578
0 916 19.8086 11.5039
0 917 19.8788 11.5504
0 918 19.973 11.5973
0 919 20.0681 11.6445
0 920 20.14 11.716
0 921 20.2365 11.7641
0 922 20.3339 11.8126
0 923 20.4074 11.7982
0 924 20.5061 11.7352
0 925 20.6056 11.6412
0 926 20.7058 11.5476
0 927 20.8068 11.4546
0 928 20.9085 11.3928
0 929 21.0109 11.3006
0 930 21.1141 11.2394
0 931 21.14 11.1481
0 932 21.0184 11.0875
0 933 20.8671 10.9971
0 934 20.7167 10.9371
0 935 20.597 10.8774
0 936 20.448 10.7883
0 937 20.3295 10.7293
0 938 20.2116 10.6705
0 939 20.065 10.5829
0 940 19.9484 10.5248
0 941 19.8324 10.4671
0 942 19.7171 10.4096
0 943 19.6023 10.3524
0 944 19.601 10.2672
0 945 19.7145 10.2108
0 946 19.8286 10.1547
0 947 19.9433 10.0989
0 948 20.0587 10.0435
0 949 20.1746 9.98835
0 950 20.3204 9.96092
0 951 20.4377 10.0194
0 952 20.5556 10.0781
0 953 20.7037 10.1372
0 954 20.8229 10.1965
0 955 20.9725 10.286
0 956 21.123 10.3461
0 957 21.0968 10.4063
0 958 20.9924 10.4669
0 959 20.8886 10.5582
0 960 20.7856 10.6194
0 961 20.6832 10.7117
0 962 20.607 10.7735
0 963 20.5059 10.8666
0 964 20.4057 10.929
0 965 20.3062 11.0231
0 966 20.2074 11.086
0 967 20.1339 11.1809
0 968 20.0365 11.2762
0 969 19.94 11.34
0 970 19.8681 11.4361
0 971 19.7731 11.5327
0 972 19.832 11.6297
0 973 19.9947 11.7038
0 974 20.158 11.6577
0 975 20.355 11.6119
0 976 20.5197 11.5665
0 977 20.6852 11.5214
0 978 20.8845 11.4768
0 979 21.0512 11.4325
0 980 21.252 11.3886
0 981 21.4537 11.3451
0 982 21.5885 11.302
0 983 21.5457 11.2593
0 984 21.4819 11.217
0 985 21.3976 11.1752
0 986 21.3141 11.1337
0 987 21.2521 11.0927
0 988 21.1702 11.0723
0 989 21.1093 11.0319
0 990 21.029 10.992
0 991 20.9496 10.9524
0 992 20.8906 10.9134
0 993 20.8128 10.8747
0 994 20.755 10.8556
0 995 20.6978 10.8177
0 996 20.6224 10.7802
0 997 20.5665 10.7431
0 998 20.4927 10.7248
0 999 20.4381 10.6885
0 1000 20.384 10.6527
0 1001 20.5459 10.6173
0 1002 20.5818 10.5998
0 1003 20.5122 10.5652
0 1004 20.4606 10.5311
0 1005 20.4097 10.5142
0 1006 20.3426 10.4808
0 1007 20.293 10.4479
0 1008 20.244 10.4317
0 1009 20.1955 10.3996
0 1010 20.1477 10.368
0 1011 20.0849 10.3524
0 1012 20.0385 10.3216
0 1013 19.9927 10.2913
0 1014 19.9475 10.2764
0 1015 19.9029 10.2469
0 1016 19.859 10.2324
0 1017 19.8157 10.2037
0 1018 19.7589 10.1756
0 1019 19.7171 10.1618
0 1020 19.9905 10.1345
0 1021 20.3298 10.1211
0 1022 20.6698 10.0946
0 1023 21.0483 10.0816
0 1024 21.4276 10.056
0 1025 21.8077 10.031
0 1026 21.8457 10.0187
0 1027 21.7969 9.9946
0 1028 21.761 9.98275
0 1029 21.7257 9.95948
0 1030 21.6909 9.94807
0 1031 21.6456 9.92568
0 1032 21.6123 9.91472
0 1033 21.5796 9.89323
0 1034 21.537 9.88271
0 1035 21.5058 9.86213
0 1036 21.4752 9.85207
0 1037 21.4452 9.8324
0 1038 21.4159 9.82279
0 1039 21.3778 9.81334
0 1040 21.3499 9.7949
0 1041 21.3227 9.78591
0 1042 21.2961 9.7684
0 1043 21.2702 9.75988
0 1044 21.2366 9.74331
0 1045 21.2122 9.73526
0 1046 21.1884 9.71963
0 1047 21.1653 9.71205
0 1048 21.1428 9.69738
0 1049 21.121 9.69028
0 1050 21.0999 9.68335
0 1051 21.0727 9.66995
0 1052 21.0531 9.6635
0 1053 21.0342 9.65107
0 1054 21.0159 9.6451
0 1055 20.9983 9.63929
0 1056 20.9814 9.62817
0 1057 20.9651 9.62285
0 1058 20.9496 9.6127
0 1059 20.9347 9.60787
0 1060 20.9204 9.59871
0 1061 20.9069 9.59437
0 1062 20.894 9.5902
0 1063 20.8819 9.58236
0 1064 20.8667 9.57868
0 1065 20.8561 9.57183
0 1066 20.8462 9.56866
0 1067 20.837 9.56565
0 1068 20.8285 9.56013
0 1069 20.8206 9.55761
0 1070 20.8135 9.55309
0 1071 20.807 9.55108
0 1072 20.8012 9.54924
0 1073 20.7962 9.54606
0 1074 20.7918 9.54472
0 1075 20.7881 9.54354
0 1076 20.7851 9.5417
0 1077 20.7828 9.54103
0 1078 20.7812 9.54019
0 1079 20.7802 9.54002
1 0 21.1802 7.66003
1 1 21.1811 7.66023
1 2 21.1827 7.66065
1 3 21.185 7.66128
1 4 21.1879 7.66211
1 5 21.1916 7.66441
1 6 21.1975 7.66587
1 7 21.2027 7.66754
1 8 21.2085 7.66942
1 9 21.2151 7.67151
1 10 21.2223 7.6738
1 11 21.2303 7.6763
1 12 21.2389 7.67901
1 13 21.2481 7.68505
1 14 21.2581 7.68838
1 15 21.2687 7.69192
1 16 21.2839 7.69566
1 17 21.296 7.69961
1 18 21.3089 7.70377
1 19 21.3224 7.70813
1 20 21.3366 7.71269
1 21 21.3514 7.72243
1 22 21.3669 7.72761
1 23 21.3831 7.73299
1 24 21.4057 7.73858
1 25 21.4234 7.74437
1 26 21.4417 7.75035
1 27 21.4608 7.75655
1 28 21.4804 7.76294
1 29 21.5008 7.77632
1 30 21.5289 7.78332
1 31 21.5507 7.79051
1 32 21.5732 7.7979
1 33 21.5963 7.80549
1 34 21.6201 7.81327
1 35 21.6528 7.82943
1 36 21.6136 7.83781
1 37 21.0662 7.84637
1 38 20.5195 7.85514
1 39 19.9735 7.8641
1 40 19.5062 7.87325
1 41 19.4756 7.89212
1 42 19.5049 7.90185
1 43 19.5349 7.91176
1 44 19.5656 7.92187
1 45 19.597 7.93216
1 46 19.6291 7.95331
1 47 19.6508 7.96417
1 48 19.684 7.97521
1 49 19.7179 7.98644
1 50 19.7524 7.99785
1 51 19.7876 8.02122
1 52 19.8235 8.03318
1 53 19.8723 8.04532
1 54 19.9097 8.05764
1 55 19.9478 8.07014
1 56 19.9865 8.09568
1 57 20.0258 8.10871
1 58 20.0658 8.12192
1 59 19.9905 8.13531
1 60 19.6895 8.1626
1 61 19.4686 8.1765
1 62 19.5112 8.19058
1 63 19.5545 8.21925
1 64 19.5984 8.23383
1 65 19.6429 8.24859
1 66 19.6881 8.26351
1 67 19.7338 8.29385
1 68 19.7803 8.30927
1 69 19.8273 8.32485
1 70 19.8909 8.35651
1 71 19.9394 8.37257
1 72 19.9884 8.3888
1 73 20.0381 8.42173
1 74 20.0883 8.43844
1 75 20.1562 8.45529
1 76 20.2078 8.48948
1 77 20.26 8.5068
1 78 20.3128 8.52427
1 79 20.384 8.55967
1 80 20.4381 8.5776
1 81 20.4927 8.6139
1 82 20.5665 8.63227
1 83 20.6224 8.65078
1 84 20.6978 8.68824
1 85 20.755 8.70719
1 86 20.8128 8.74551
1 87 20.8906 8.76488
1 88 20.9496 8.80404
1 89 21.029 8.82383
1 90 21.1093 8.86381
1 91 21.1702 8.88401
1 92 21.2521 8.83561
1 93 21.3141 8.73288
1 94 21.3976 8.66464
1 95 21.4819 8.5966
1 96 21.5457 8.49494
1 97 21.61 8.42743
1 98 21.5089 8.36014
1 99 21.3074 8.29308
1 100 21.14 8.19292
1 101 20.9399 8.12645
1 102 20.7738 8.06022
1 103 20.5753 7.99425
1 104 20.4106 7.92853
1 105 20.2465 7.86308
1 106 20.083 7.7979
1 107 19.9203 7.73299
1 108 19.7731 7.66838
1 109 19.8681 7.60405
1 110 19.94 7.572
1 111 20.0365 7.50813
1 112 20.1339 7.44457
1 113 20.2074 7.38133
1 114 20.3062 7.34983
1 115 20.4057 7.28708
1 116 20.5059 7.22468
1 117 20.607 7.19361
1 118 20.6832 7.13173
1 119 20.7856 7.07022
1 120 20.8886 7.0396
1 121 20.9924 7.06547
1 122 21.0968 7.11758
1 123 21.1493 7.14384
1 124 21.029 7.17022
1 125 20.8793 7.22335
1 126 20.7602 7.2501
1 127 20.6121 7.30397
1 128 20.4942 7.33108
1 129 20.3769 7.35832
1 130 20.2312 7.41312
1 131 20.1152 7.4407
1 132 19.9999 7.49619
1 133 19.8851 7.52409
1 134 19.771 7.58024
1 135 19.6576 7.60847
1 136 19.6023 7.66525
1 137 19.7171 7.72243
1 138 19.8324 7.75118
1 139 19.9484 7.80897
1 140 20.065 7.86715
1 141 20.2116 7.89638
1 142 20.3295 7.95512
1 143 20.448 8.01424
1 144 20.597 8.04393
1 145 20.7167 8.10358
1 146 20.8671 8.16358
1 147 21.0184 8.22392
1 148 21.14 8.28459
1 149 21.1705 8.31505
1 150 21.0673 8.3762
1 151 20.9648 8.43768
1 152 20.8631 8.49946
1 153 20.7621 8.56154
1 154 20.6618 8.62392
1 155 20.5623 8.68659
1 156 20.4635 8.74954
1 157 20.3656 8.81276
1 158 20.2926 8.87626
1 159 20.196 8.94002
1 160 20.1002 8.92426
1 161 20.029 8.87698
1 162 19.9346 8.85352
1 163 19.8644 8.80695
1 164 19.9024 8.78385
1 165 20.0665 8.73801
1 166 20.2313 8.71527
1 167 20.3967 8.67018
1 168 20.596 8.64782
1 169 20.7628 8.60349
1 170 20.9636 8.58152
1 171 21.1316 8.53796
1 172 21.3339 8.51638
1 173 21.537 8.47363
1 174 21.6729 8.45246
1 175 21.6308 8.41052
1 176 21.5474 8.38976
1 177 21.4853 8.34865
1 178 21.4034 8.32831
1 179 21.3224 8.30812
1 180 21.2622 8.26816
1 181 21.1827 8.24839
1 182 21.1237 8.20931
1 183 21.0459 8.18999
1 184 20.9881 8.17083
1 185 20.9119 8.13295
1 186 20.8553 8.11423
1 187 20.7808 8.09568
1 188 20.7255 8.05903
1 189 20.6708 8.04095
1 190 20.5987 8.02302
1 191 20.5452 8.00525
1 192 20.4924 7.97019
1 193 20.4228 7.95291
1 194 20.3712 7.93579
1 195 20.3203 7.90205
1 196 20.2532 7.88543
1 197 20.2036 7.86898
1 198 20.1546 7.85269
1 199 20.1062 7.82064
1 200 20.0584 7.80487
1 201 19.9956 7.78927
1 202 19.9492 7.77385
1 203 19.9035 7.75861
1 204 19.8583 7.72865
1 205 19.8138 7.71394
1 206 19.7699 7.6994
1 207 19.7266 7.68505
1 208 19.8198 7.67088
1 209 20.1577 7.64309
1 210 20.4963 7.62947
1 211 20.8357 7.61604
1 212 21.1757 7.60279
1 213 21.5543 7.58973
1 214 21.7818 7.56418
1 215 21.7566 7.55169
1 216 21.7192 7.53939
1 217 21.6825 7.52728
1 218 21.6345 7.51537
1 219 21.5992 7.50365
1 220 21.5645 7.49213
1 221 21.5192 7.46967
1 222 21.4859 7.45874
1 223 21.4533 7.44801
1 224 21.4213 7.43747
1 225 21.3796 7.42714
1 226 21.349 7.41701
1 227 21.3191 7.40708
1 228 21.2898 7.39735
1 229 21.2611 7.38783
1 230 21.2239 7.3694
1 231 21.1968 7.36049
1 232 21.1703 7.35179
1 233 21.1444 7.3433
1 234 21.1192 7.33501
1 235 21.0946 7.32694
1 236 21.0707 7.31907
1 237 21.0399 7.31142
1 238 21.0175 7.30397
1 239 20.9958 7.29674
1 240 20.9747 7.28972
1 241 20.9544 7.28291
1 242 20.9347 7.26994
1 243 20.9156 7.26377
1 244 20.8973 7.25782
1 245 20.8796 7.25209
1 246 20.8625 7.24657
1 247 20.8462 7.24127
1 248 20.8255 7.23619
1 249 20.8107 7.23132
1 250 20.7966 7.22667
1 251 20.7832 7.22224
1 252 20.7705 7.21803
1 253 20.7585 7.21404
1 254 20.7472 7.21027
1 255 20.7365 7.20672
1 256 20.7266 7.20339
1 257 20.7173 7.20028
1 258 20.7087 7.19739
1 259 20.7009 7.19227
1 260 20.6937 7.19005
1 261 20.6872 7.18805
1 262 20.6814 7.18626
1 263 20.6763 7.18471
1 264 20.6719 7.18337
1 265 20.6681 7.18226
1 266 20.6651 7.18136
1 267 20.6628 7.1807
1 268 20.6612 7.18025
1 269 20.6602 7.18003
1 270 20.6602 7.18003
1 271 20.6612 7.18025
1 272 20.6628 7.1807
1 273 20.6651 7.18136
1 274 20.6681 7.18226
1 275 20.6719 7.18337
1 276 20.6763 7.18471
1 277 20.6814 7.18626
1 278 20.6872 7.18805
1 279 20.6937 7.19005
1 280 20.7009 7.19227
1 281 20.7087 7.19739
1 282 20.7173 7.20028
1 283 20.7266 7.20339
1 284 20.7365 7.20672
1 285 20.7472 7.21027
1 286 20.7585 7.21404
1 287 20.7705 7.21803
1 288 20.7832 7.22224
1 289 20.7966 7.22667
1 290 20.8107 7.23132
1 291 20.8255 7.23619
1 292 20.8462 7.24127
1 293 20.8625 7.24657
1 294 20.8796 7.25209
1 295 20.8973 7.25782
1 296 20.9156 7.26377
1 297 20.9347 7.26994
1 298 20.9544 7.28291
1 299 20.9747 7.28972
1 300 20.9958 7.29674
1 301 21.0175 7.30397
1 302 21.0399 7.31142
1 303 21.0707 7.31907
1 304 21.0946 7.32694
1 305 21.1192 7.33501
1 306 21.1444 7.3433
1 307 21.1703 7.35179
1 308 21.1968 7.36049
1 309 21.2239 7.3694
1 310 21.2611 7.38783
1 311 21.2898 7.39735
1 312 21.3191 7.40708
1 313 21.349 7.41701
1 314 21.3796 7.42714
1 315 21.4213 7.43747
1 316 21.4533 7.44801
1 317 21.4859 7.45874
1 318 21.5192 7.46967
1 319 21.5645 7.49213
1 320 21.5992 7.50365
1 321 21.6345 7.51537
1 322 21.6825 7.52728
1 323 21.7192 7.53939
1 324 21.7566 7.55169
1 325 21.7818 7.56418
1 326 21.5543 7.58973
1 327 21.1757 7.60279
1 328 20.8357 7.61604
1 329 20.4963 7.62947
1 330 20.1577 7.64309
1 331 19.8198 7.67088
1 332 19.7266 7.68505
1 333 19.7699 7.6994
1 334 19.8138 7.71394
1 335 19.8583 7.72865
1 336 19.9035 7.75861
1 337 19.9492 7.77385
1 338 19.9956 7.78927
1 339 20.0584 7.80487
1 340 20.1062 7.82064
1 341 20.1546 7.85269
1 342 20.2036 7.86898
1 343 20.2532 7.88543
1 344 20.3203 7.90205
1 345 20.3712 7.93579
1 346 20.4228 7.95291
1 347 20.4924 7.97019
1 348 20.5452 8.00525
1 349 20.5987 8.02302
1 350 20.6708 8.04095
1 351 20.7255 8.05903
1 352 20.7808 8.09568
1 353 20.8553 8.11423
1 354 20.9119 8.13295
1 355 20.9881 8.17083
1 356 21.0459 8.18999
1 357 21.1237 8.20931
1 358 21.1827 8.24839
1 359 21.2622 8.26816
1 360 21.3224 8.30812
1 361 21.4034 8.32831
1 362 21.4853 8.34865
1 363 21.5474 8.38976
1 364 21.6308 8.41052
1 365 21.6729 8.45246
1 366 21.537 8.47363
1 367 21.3339 8.51638
1 368 21.1316 8.53796
1 369 20.9636 8.58152
1 370 20.7628 8.60349
1 371 20.596 8.64782
1 372 20.3967 8.67018
1 373 20.2313 8.71527
1 374 20.0665 8.73801
1 375 19.9024 8.78385
1 376 19.8644 8.80695
1 377 19.9346 8.85352
1 378 20.029 8.87698
1 379 20.1002 8.92426
1 380 20.196 8.94002
1 381 20.2926 8.87626
1 382 20.3656 8.81276
1 383 20.4635 8.74954
1 384 20.5623 8.68659
1 385 20.6618 8.62392
1 386 20.7621 8.56154
1 387 20.8631 8.49946
1 388 20.9648 8.43768
1 389 21.0673 8.3762
1 390 21.1705 8.31505
1 391 21.14 8.28459
1 392 21.0184 8.22392
1 393 20.8671 8.16358
1 394 20.7167 8.10358
1 395 20.597 8.04393
1 396 20.448 8.01424
1 397 20.3295 7.95512
1 398 20.2116 7.89638
1 399 20.065 7.86715
1 400 19.9484 7.80897
1 401 19.8324 7.75118
1 402 19.7171 7.72243
1 403 19.6023 7.66525
1 404 19.6293 7.63681
1 405 19.771 7.58024
1 406 19.8851 7.52409
1 407 19.9999 7.49619
1 408 20.1152 7.4407
1 409 20.2312 7.41312
1 410 20.3769 7.35832
1 411 20.4942 7.33108
1 412 20.6121 7.30397
1 413 20.7602 7.2501
1 414 20.8793 7.22335
1 415 21.029 7.17022
1 416 21.1493 7.14384
1 417 21.0968 7.11758
1 418 20.9924 7.06547
1 419 20.8886 7.0396
1 420 20.7856 7.07022
1 421 20.6832 7.13173
1 422 20.607 7.19361
1 423 20.5059 7.22468
1 424 20.4057 7.28708
1 425 20.3062 7.34983
1 426 20.2074 7.38133
1 427 20.1339 7.44457
1 428 20.0365 7.50813
1 429 19.94 7.572
1 430 19.8681 7.60405
1 431 19.7731 7.66838
1 432 19.9203 7.73299
1 433 20.083 7.7979
1 434 20.2465 7.86308
1 435 20.4106 7.92853
1 436 20.5753 7.99425
1 437 20.7738 8.06022
1 438 20.9399 8.12645
1 439 21.14 8.19292
1 440 21.3074 8.29308
1 441 21.5089 8.36014
1 442 21.61 8.42743
1 443 21.5457 8.49494
1 444 21.4819 8.5966
1 445 21.3976 8.66464
1 446 21.3141 8.73288
1 447 21.2521 8.83561
1 448 21.1702 8.88401
1 449 21.1093 8.86381
1 450 21.029 8.82383
1 451 20.9496 8.80404
1 452 20.8906 8.76488
1 453 20.8128 8.74551
1 454 20.755 8.70719
1 455 20.6978 8.68824
1 456 20.6224 8.65078
1 457 20.5665 8.63227
1 458 20.4927 8.6139
1 459 20.4381 8.5776
1 460 20.384 8.55967
1 461 20.3128 8.52427
1 462 20.26 8.5068
1 463 20.2078 8.48948
1 464 20.1562 8.45529
1 465 20.0883 8.43844
1 466 20.0381 8.42173
1 467 19.9884 8.3888
1 468 19.9394 8.37257
1 469 19.8909 8.35651
1 470 19.8273 8.32485
1 471 19.7803 8.30927
1 472 19.7338 8.29385
1 473 19.6881 8.26351
1 474 19.6429 8.24859
1 475 19.5984 8.23383
1 476 19.5545 8.21925
1 477 19.5112 8.19058
1 478 19.4686 8.1765
1 479 19.6895 8.1626
1 480 19.9905 8.13531
1 481 20.0658 8.12192
1 482 20.0258 8.10871
1 483 19.9865 8.09568
1 484 19.9478 8.07014
1 485 19.9097 8.05764
1 486 19.8723 8.04532
1 487 19.8235 8.03318
1 488 19.7876 8.02122
1 489 19.7524 7.99785
1 490 19.7179 7.98644
1 491 19.684 7.97521
1 492 19.6508 7.96417
1 493 19.6291 7.95331
1 494 19.597 7.93216
1 495 19.5656 7.92187
1 496 19.5349 7.91176
1 497 19.5049 7.90185
1 498 19.4756 7.89212
1 499 19.5062 7.87325
1 500 19.9735 7.8641
1 501 20.5195 7.85514
1 502 21.0662 7.84637
1 503 21.6136 7.83781
1 504 21.6528 7.82943
1 505 21.6201 7.81327
1 506 21.5963 7.80549
1 507 21.5732 7.7979
1 508 21.5507 7.79051
1 509 21.5289 7.78332
1 510 21.5008 7.77632
1 511 21.4804 7.76294
1 512 21.4608 7.75655
1 513 21.4417 7.75035
1 514 21.4234 7.74437
1 515 21.4057 7.73858
1 516 21.3831 7.73299
1 517 21.3669 7.72761
1 518 21.3514 7.72243
1 519 21.3366 7.71269
1 520 21.3224 7.70813
1 521 21.3089 7.70377
1 522 21.296 7.69961
1 523 21.2839 7.69566
1 524 21.2687 7.69192
1 525 21.2581 7.68838
1 526 21.2481 7.68505
1 527 21.2389 7.67901
1 528 21.2303 7.6763
1 529 21.2223 7.6738
1 530 21.2151 7.67151
1 531 21.2085 7.66942
1 532 21.2027 7.66754
1 533 21.1975 7.66587
1 534 21.1916 7.66441
1 535 21.1879 7.66211
1 536 21.185 7.66128
1 537 21.1827 7.66065
1 538 21.1811 7.66023
1 539 21.1802 7.66003
1 540 21.1802 7.66003
1 541 21.1811 7.66023
1 542 21.1827 7.66065
1 543 21.185 7.66128
1 544 21.1879 7.66211
1 545 21.1916 7.66441
1 546 21.1975 7.66587
1 547 21.2027 7.66754
1 548 21.2085 7.66942
1 549 21.2151 7.67151
1 550 21.2223 7.6738
1 551 21.2303 7.6763
1 552 21.2389 7.67901
1 553 21.2481 7.68505
1 554 21.2581 7.68838
1 555 21.2687 7.69192
1 556 21.2839 7.69566
1 557 21.296 7.69961
1 558 21.3089 7.70377
1 559 21.3224 7.70813
1 560 21.3366 7.71269
1 561 21.3514 7.72243
1 562 21.3669 7.72761
1 563 21.3831 7.73299
1 564 21.4057 7.73858
1 565 21.4234 7.74437
1 566 21.4417 7.75035
1 567 21.4608 7.75655
1 568 21.4804 7.76294
1 569 21.5008 7.77632
1 570 21.5289 7.78332
1 571 21.5507 7.79051
1 572 21.5732 7.7979
1 573 21.5963 7.80549
1 574 21.6201 7.81327
1 575 21.6528 7.82943
1 576 21.6136 7.83781
1 577 21.0662 7.84637
1 578 20.5195 7.85514
1 579 19.9735 7.8641
1 580 19.5062 7.87325
1 581 19.4756 7.89212
1 582 19.5049 7.90185
1 583 19.5349 7.91176
1 584 19.5656 7.92187
1 585 19.597 7.93216
1 586 19.6291 7.95331
1 587 19.6508 7.96417
1 588 19.684 7.97521
1 589 19.7179 7.98644
1 590 19.7524 7.99785
1 591 19.7876 8.02122
1 592 19.8235 8.03318
1 593 19.8723 8.04532
1 594 19.9097 8.05764
1 595 19.9478 8.07014
1 596 19.9865 8.09568
1 597 20.0258 8.10871
1 598 20.0658 8.12192
1 599 19.9905 8.13531
1 600 19.6895 8.1626
1 601 19.4686 8.1765
1 602 19.5112 8.19058
1 603 19.5545 8.21925
1 604 19.5984 8.23383
1 605 19.6429 8.24859
1 606 19.6881 8.26351
1 607 19.7338 8.29385
1 608 19.7803 8.30927
1 609 19.8273 8.32485
1 610 19.8909 8.35651
1 611 19.9394 8.37257
1 612 19.9884 8.3888
1 613 20.0381 8.42173
1 614 20.0883 8.43844
1 615 20.1562 8.45529
1 616 20.2078 8.48948
1 617 20.26 8.5068
1 618 20.3128 8.52427
1 619 20.384 8.55967
1 620 20.4381 8.5776
1 621 20.4927 8.6139
1 622 20.5665 8.63227
1 623 20.6224 8.65078
1 624 20.6978 8.68824
1 625 20.755 8.70719
1 626 20.8128 8.74551
1 627 20.8906 8.76488
1 628 20.9496 8.80404
1 629 21.029 8.82383
1 630 21.1093 8.86381
1 631 21.1702 8.88401
1 632 21.2521 8.83561
1 633 21.3141 8.73288
1 634 21.3976 8.66464
1 635 21.4819 8.5966
1 636 21.5457 8.49494
1 637 21.61 8.42743
1 638 21.5089 8.36014
1 639 21.3074 8.29308
1 640 21.14 8.19292
1 641 20.9399 8.12645
1 642 20.7738 8.06022
1 643 20.5753 7.99425
1 644 20.4106 7.92853
1 645 20.2465 7.86308
1 646 20.083 7.7979
1 647 19.9203 7.73299
1 648 19.7731 7.66838
1 649 19.8681 7.60405
1 650 19.94 7.572
1 651 20.0365 7.50813
1 652 20.1339 7.44457
1 653 20.2074 7.38133
1 654 20.3062 7.34983
1 655 20.4057 7.28708
1 656 20.5059 7.22468
1 657 20.607 7.19361
1 658 20.6832 7.13173
1 659 20.7856 7.07022
1 660 20.8886 7.0396
1 661 20.9924 7.06547
1 662 21.0968 7.11758
1 663 21.1493 7.14384
1 664 21.029 7.17022
1 665 20.8793 7.22335
1 666 20.7602 7.2501
1 667 20.6121 7.30397
1 668 20.4942 7.33108
1 669 20.3769 7.35832
1 670 20.2312 7.41312
1 671 20.1152 7.4407
1 672 19.9999 7.49619
1 673 19.8851 7.52409
1 674 19.771 7.58024
1 675 19.6293 7.63681
1 676 19.6023 7.66525
1 677 19.7171 7.72243
1 678 19.8324 7.75118
1 679 19.9484 7.80897
1 680 20.065 7.86715
1 681 20.2116 7.89638
1 682 20.3295 7.95512
1 683 20.448 8.01424
1 684 20.597 8.04393
1 685 20.7167 8.10358
1 686 20.8671 8.16358
1 687 21.0184 8.22392
1 688 21.14 8.28459
1 689 21.1705 8.31505
1 690 21.0673 8.3762
1 691 20.9648 8.43768
1 692 20.8631 8.49946
1 693 20.7621 8.56154
1 694 20.6618 8.62392
1 695 20.5623 8.68659
1 696 20.4635 8.74954
1 697 20.3656 8.81276
1 698 20.2926 8.87626
1 699 20.196 8.94002
1 700 20.1002 8.92426
1 701 20.029 8.87698
1 702 19.9346 8.85352
1 703 19.8644 8.80695
1 704 19.9024 8.78385
1 705 20.0665 8.73801
1 706 20.2313 8.71527
1 707 20.3967 8.67018
1 708 20.596 8.64782
1 709 20.7628 8.60349
1 710 20.9636 8.58152
1 711 21.1316 8.53796
1 712 21.3339 8.51638
1 713 21.537 8.47363
1 714 21.6729 8.45246
1 715 21.6308 8.41052
1 716 21.5474 8.38976
1 717 21.4853 8.34865
1 718 21.4034 8.32831
1 719 21.3224 8.30812
1 720 21.2622 8.26816
1 721 21.1827 8.24839
1 722 21.1237 8.20931
1 723 21.0459 8.18999
1 724 20.9881 8.17083
1 725 20.9119 8.13295
1 726 20.8553 8.11423
1 727 20.7808 8.09568
1 728 20.7255 8.05903
1 729 20.6708 8.04095
1 730 20.5987 8.02302
1 731 20.5452 8.00525
1 732 20.4924 7.97019
1 733 20.4228 7.95291
1 734 20.3712 7.93579
1 735 20.3203 7.90205
1 736 20.2532 7.88543
1 737 20.2036 7.86898
1 738 20.1546 7.85269
1 739 20.1062 7.82064
1 740 20.0584 7.80487
1 741 19.9956 7.78927
1 742 19.9492 7.77385
1 743 19.9035 7.75861
1 744 19.8583 7.72865
1 745 19.8138 7.71394
1 746 19.7699 7.6994
1 747 19.7266 7.68505
1 748 19.8198 7.67088
1 749 20.1577 7.64309
1 750 20.4963 7.62947
1 751 20.8357 7.61604
1 752 21.1757 7.60279
1 753 21.5543 7.58973
1 754 21.7818 7.56418
1 755 21.7566 7.55169
1 756 21.7192 7.53939
1 757 21.6825 7.52728
1 758 21.6345 7.51537
1 759 21.5992 7.50365
1 760 21.5645 7.49213
1 761 21.5192 7.46967
1 762 21.4859 7.45874
1 763 21.4533 7.44801
1 764 21.4213 7.43747
1 765 21.3796 7.42714
1 766 21.349 7.41701
1 767 21.3191 7.40708
1 768 21.2898 7.39735
1 769 21.2611 7.38783
1 770 21.2239 7.3694
1 771 21.1968 7.36049
1 772 21.1703 7.35179
1 773 21.1444 7.3433
1 774 21.1192 7.33501
1 775 21.0946 7.32694
1 776 21.0707 7.31907
1 777 21.0399 7.31142
1 778 21.0175 7.30397
1 779 20.9958 7.29674
1 780 20.9747 7.28972
1 781 20.9544 7.28291
1 782 20.9347 7.26994
1 783 20.9156 7.26377
1 784 20.8973 7.25782
1 785 20.8796 7.25209
1 786 20.8625 7.24657
1 787 20.8462 7.24127
1 788 20.8255 7.23619
1 789 20.8107 7.23132
1 790 20.7966 7.22667
1 791 20.7832 7.22224
1 792 20.7705 7.21803
1 793 20.7585 7.21404
1 794 20.7472 7.21027
1 795 20.7365 7.20672
1 796 20.7266 7.20339
1 797 20.7173 7.20028
1 798 20.7087 7.19739
1 799 20.7009 7.19227
1 800 20.6937 7.19005
1 801 20.6872 7.18805
1 802 20.6814 7.18626
1 803 20.6763 7.18471
1 804 20.6719 7.18337
1 805 20.6681 7.18226
1 806 20.6651 7.18136
1 807 20.6628 7.1807
1 808 20.6612 7.18025
1 809 20.6602 7.18003
1 810 20.6602 7.18003
1 811 20.6612 7.18025
1 812 20.6628 7.1807
1 813 20.6651 7.18136
1 814 20.6681 7.18226
1 815 20.6719 7.18337
1 816 20.6763 7.18471
1 817 20.6814 7.18626
1 818 20.6872 7.18805
1 819 20.6937 7.19005
1 820 20.7009 7.19227
1 821 20.7087 7.19739
1 822 20.7173 7.20028
1 823 20.7266 7.20339
1 824 20.7365 7.20672
1 825 20.7472 7.21027
1 826 20.7585 7.21404
1 827 20.7705 7.21803
1 828 20.7832 7.22224
1 829 20.7966 7.22667
1 830 20.8107 7.23132
1 831 20.8255 7.23619
1 832 20.8462 7.24127
1 833 20.8625 7.24657
1 834 20.8796 7.25209
1 835 20.8973 7.25782
1 836 20.9156 7.26377
1 837 20.9347 7.26994
1 838 20.9544 7.28291
1 839 20.9747 7.28972
1 840 20.9958 7.29674
1 841 21.0175 7.30397
1 842 21.0399 7.31142
1 843 21.0707 7.31907
1 844 21.0946 7.32694
1 845 21.1192 7.33501
1 846 21.1444 7.3433
1 847 21.1703 7.35179
1 848 21.1968 7.36049
1 849 21.2239 7.3694
1 850 21.2611 7.38783
1 851 21.2898 7.39735
1 852 21.3191 7.40708
1 853 21.349 7.41701
1 854 21.3796 7.42714
1 855 21.4213 7.43747
1 856 21.4533 7.44801
1 857 21.4859 7.45874
1 858 21.5192 7.46967
1 859 21.5645 7.49213
1 860 21.5992 7.50365
1 861 21.6345 7.51537
1 862 21.6825 7.52728
1 863 21.7192 7.53939
1 864 21.7566 7.55169
1 865 21.7818 7.56418
1 866 21.5543 7.58973
1 867 21.1757 7.60279
1 868 20.8357 7.61604
1 869 20.4963 7.62947
1 870 20.1577 7.64309
1 871 19.8198 7.67088
1 872 19.7266 7.68505
1 873 19.7699 7.6994
1 874 19.8138 7.71394
1 875 19.8583 7.72865
1 876 19.9035 7.75861
1 877 19.9492 7.77385
1 878 19.9956 7.78927
1 879 20.0584 7.80487
1 880 20.1062 7.82064
1 881 20.1546 7.85269
1 882 20.2036 7.86898
1 883 20.2532 7.88543
1 884 20.3203 7.90205
1 885 20.3712 7.93579
1 886 20.4228 7.95291
1 887 20.4924 7.97019
1 888 20.5452 8.00525
1 889 20.5987 8.02302
1 890 20.6708 8.04095
1 891 20.7255 8.05903
1 892 20.7808 8.09568
1 893 20.8553 8.11423
1 894 20.9119 8.13295
1 895 20.9881 8.17083
1 896 21.0459 8.18999
1 897 21.1237 8.20931
1 898 21.1827 8.24839
1 899 21.2622 8.26816
1 900 21.3224 8.30812
1 901 21.4034 8.32831
1 902 21.4853 8.34865
1 903 21.5474 8.38976
1 904 21.6308 8.41052
1 905 21.6729 8.45246
1 906 21.537 8.47363
1 907 21.3339 8.51638
1 908 21.1316 8.53796
1 909 20.9636 8.58152
1 910 20.7628 8.60349
1 911 20.596 8.64782
1 912 20.3967 8.67018
1 913 20.2313 8.71527
1 914 20.0665 8.73801
1 915 19.9024 8.78385
1 916 19.8644 8.80695
1 917 19.9346 8.85352
1 918 20.029 8.87698
1 919 20.1002 8.92426
1 920 20.196 8.94002
1 921 20.2926 8.87626
1 922 20.3656 8.81276
1 923 20.4635 8.74954
1 924 20.5623 8.68659
1 925 20.6618 8.62392
1 926 20.7621 8.56154
1 927 20.8631 8.49946
1 928 20.9648 8.43768
1 929 21.0673 8.3762
1 930 21.1705 8.31505
1 931 21.14 8.28459
1 932 21.0184 8.22392
1 933 20.8671 8.16358
1 934 20.7167 8.10358
1 935 20.597 8.04393
1 936 20.448 8.01424
1 937 20.3295 7.95512
1 938 20.2116 7.89638
1 939 20.065 7.86715
1 940 19.9484 7.80897
1 941 19.8324 7.75118
1 942 19.7171 7.72243
1 943 19.6023 7.66525
1 944 19.6576 7.60847
1 945 19.771 7.58024
1 946 19.8851 7.52409
1 947 19.9999 7.49619
1 948 20.1152 7.4407
1 949 20.2312 7.41312
1 950 20.3769 7.35832
1 951 20.4942 7.33108
1 952 20.6121 7.30397
1 953 20.7602 7.2501
1 954 20.8793 7.22335
1 955 21.029 7.17022
1 956 21.1493 7.14384
1 957 21.0968 7.11758
1 958 20.9924 7.06547
1 959 20.8886 7.0396
1 960 20.7856 7.07022
1 961 20.6832 7.13173
1 962 20.607 7.19361
1 963 20.5059 7.22468
1 964 20.4057 7.28708
1 965 20.3062 7.34983
1 966 20.2074 7.38133
1 967 20.1339 7.44457
1 968 20.0365 7.50813
1 969 19.94 7.572
1 970 19.8681 7.60405
1 971 19.7731 7.66838
1 972 19.9203 7.73299
1 973 20.083 7.7979
1 974 20.2465 7.86308
1 975 20.4106 7.92853
1 976 20.5753 7.99425
1 977 20.7738 8.06022
1 978 20.9399 8.12645
1 979 21.14 8.19292
1 980 21.3074 8.29308
1 981 21.5089 8.36014
1 982 21.61 8.42743
1 983 21.5457 8.49494
1 984 21.4819 8.5966
1 985 21.3976 8.66464
1 986 21.3141 8.73288
1 987 21.2521 8.83561
1 988 21.1702 8.88401
1 989 21.1093 8.86381
1 990 21.029 8.82383
1 991 20.9496 8.80404
1 992 20.8906 8.76488
1 993 20.8128 8.74551
1 994 20.755 8.70719
1 995 20.6978 8.68824
1 996 20.6224 8.65078
1 997 20.5665 8.63227
1 998 20.4927 8.6139
1 999 20.4381 8.5776
1 1000 20.384 8.55967
1 1001 20.3128 8.52427
1 1002 20.26 8.5068
1 1003 20.2078 8.48948
1 1004 20.1562 8.45529
1 1005 20.0883 8.43844
1 1006 20.0381 8.42173
1 1007 19.9884 8.3888
1 1008 19.9394 8.37257
1 1009 19.8909 8.35651
1 1010 19.8273 8.32485
1 1011 19.7803 8.30927
1 1012 19.7338 8.29385
1 1013 19.6881 8.26351
1 1014 19.6429 8.24859
1 1015 19.5984 8.23383
1 1016 19.5545 8.21925
1 1017 19.5112 8.19058
1 1018 19.4686 8.1765
1 1019 19.6895 8.1626
1 1020 19.9905 8.13531
1 1021 20.0658 8.12192
1 1022 20.0258 8.10871
1 1023 19.9865 8.09568
1 1024 19.9478 8.07014
1 1025 19.9097 8.05764
1 1026 19.8723 8.04532
1 1027 19.8235 8.03318
1 1028 19.7876 8.02122
1 1029 19.7524 7.99785
1 1030 19.7179 7.98644
1 1031 19.684 7.97521
1 1032 19.6508 7.96417
1 1033 19.6291 7.95331
1 1034 19.597 7.93216
1 1035 19.5656 7.92187
1 1036 19.5349 7.91176
1 1037 19.5049 7.90185
1 1038 19.4756 7.89212
1 1039 19.5062 7.87325
1 1040 19.9735 7.8641
1 1041 20.5195 7.85514
1 1042 21.0662 7.84637
1 1043 21.6136 7.83781
1 1044 21.6528 7.82943
1 1045 21.6201 7.81327
1 1046 21.5963 7.80549
1 1047 21.5732 7.7979
1 1048 21.5507 7.79051
1 1049 21.5289 7.78332
1 1050 21.5008 7.77632
1 1051 21.4804 7.76294
1 1052 21.4608 7.75655
1 1053 21.4417 7.75035
1 1054 21.4234 7.74437
1 1055 21.4057 7.73858
1 1056 21.3831 7.73299
1 1057 21.3669 7.72761
1 1058 21.3514 7.72243
1 1059 21.3366 7.71269
1 1060 21.3224 7.70813
1 1061 21.3089 7.70377
1 1062 21.296 7.69961
1 1063 21.2839 7.69566
1 1064 21.2687 7.69192
1 1065 21.2581 7.68838
1 1066 21.2481 7.68505
1 1067 21.2389 7.67901
1 1068 21.2303 7.6763
1 1069 21.2223 7.6738
1 1070 21.2151 7.67151
1 1071 21.2085 7.66942
1 1072 21.2027 7.66754
1 1073 21.1975 7.66587
1 1074 21.1916 7.66441
1 1075 21.1879 7.66211
1 1076 21.185 7.66128
1 1077 21.1827 7.66065
1 1078 21.1811 7.66023
1 1079 21.1802 7.66003
